0 96 94 57 19 56 16 91 67 63 95 77 86 51 22 87 42 3 80 26 63 47 95 70 19 78 18 42 1 84 86 73 37 17 96 90 99 25 34 98 
69 12 71 87 55 68 79 14 51 69 84 52 83 46 68 26 45 2 50 72 7 11 4 79 43 77 40 15 0 45 42 90 68 51 34 96 76 12 80 97 
11 18 35 40 70 93 16 7 78 66 66 75 0 95 45 3 60 89 60 32 40 61 46 3 1 98 38 91 81 73 89 80 74 20 0 91 42 57 55 78 
17 31 18 63 43 10 32 20 25 19 22 90 53 78 66 11 41 46 76 65 23 20 51 81 49 78 55 28 15 80 24 0 3 62 88 68 48 72 76 19 
46 25 62 25 92 31 50 37 53 5 61 29 35 15 68 94 47 95 27 93 72 15 12 19 72 67 31 12 69 39 27 18 15 52 28 4 17 32 99 92 
52 66 16 58 78 64 14 36 26 91 48 64 86 37 69 82 98 30 10 44 12 13 93 96 11 29 2 34 55 58 49 33 0 61 95 25 83 29 48 53 
89 89 87 98 30 4 24 61 12 70 30 24 53 19 47 27 63 53 23 79 83 96 31 61 23 60 16 15 20 27 0 15 6 61 0 68 41 37 42 56 
87 45 92 6 4 4 15 99 27 90 91 88 70 26 74 74 30 66 92 19 20 27 84 3 2 0 60 2 22 76 58 52 70 8 35 25 45 80 5 93 
54 12 12 91 86 74 22 70 92 70 63 94 90 62 51 14 35 3 41 87 46 45 19 24 72 66 48 6 80 60 27 16 42 90 32 78 26 24 88 38 
21 38 25 31 4 53 5 13 20 27 13 34 33 12 71 5 95 53 3 25 73 64 56 45 19 34 49 67 66 3 11 59 38 2 87 19 55 49 97 17 
68 84 36 57 58 39 10 3 15 77 10 37 59 62 16 28 35 35 64 90 55 83 2 81 22 15 52 42 70 0 86 40 0 60 67 0 49 27 50 99 
5 23 66 76 97 86 8 71 82 42 49 98 97 42 39 95 43 55 20 7 50 35 20 94 16 96 50 47 22 96 27 97 3 18 61 84 87 34 48 99 
35 96 65 45 39 28 71 41 83 75 14 17 14 83 4 29 86 55 12 62 13 25 21 9 99 45 16 60 95 29 11 35 66 95 87 37 91 23 48 77 
24 95 21 25 70 44 49 69 25 44 78 49 78 57 2 64 14 17 41 14 8 22 17 31 69 19 31 24 80 62 89 35 35 11 82 52 35 71 44 22 
68 72 28 40 88 77 86 69 35 13 50 69 51 88 97 40 21 8 70 22 73 56 79 52 8 90 34 68 70 46 76 79 0 48 0 39 91 39 82 68 
53 97 29 40 11 38 2 44 29 78 23 62 85 43 11 11 81 70 3 29 58 31 0 47 13 50 83 71 71 36 39 86 75 95 5 26 16 6 31 61 
89 71 60 82 50 32 42 87 23 84 93 64 56 15 77 90 41 15 4 2 5 93 63 28 27 42 44 83 90 31 88 52 77 96 37 81 66 19 3 59 
89 64 5 51 17 22 79 9 50 36 23 1 4 85 62 80 74 13 95 42 41 1 16 67 26 73 96 71 14 52 82 15 92 86 81 78 77 96 7 87 
4 7 49 50 17 99 57 88 43 43 73 71 4 36 64 43 14 56 9 71 90 95 31 46 46 42 28 43 48 58 75 73 0 25 48 63 58 21 91 18 
26 27 72 39 21 23 57 22 26 96 48 81 37 95 82 39 0 13 90 36 91 68 52 37 76 25 99 2 14 81 37 95 79 93 71 6 63 71 65 12 
19 14 56 28 48 95 25 3 89 30 57 25 39 89 64 76 17 41 68 53 81 52 5 61 69 46 0 0 99 9 25 25 81 38 52 17 17 41 9 8 
32 71 23 41 17 10 40 31 70 97 41 21 39 32 96 27 41 72 50 62 94 9 52 81 26 3 57 20 83 45 53 43 22 46 27 75 5 13 69 17 
86 92 55 6 26 51 48 87 49 3 69 87 48 13 27 58 92 1 37 44 84 30 9 14 30 19 68 66 45 60 70 86 38 22 78 96 78 96 89 59 
61 12 65 10 35 48 11 32 62 58 26 24 67 99 91 78 65 22 1 63 29 86 66 73 12 32 98 66 46 60 21 18 83 18 24 28 16 64 10 38 
16 11 10 67 74 87 44 61 91 34 42 40 67 12 76 93 7 35 40 54 49 49 71 70 35 97 62 99 26 69 95 74 14 41 22 26 78 97 50 29 
6 37 76 42 93 65 62 97 9 55 27 99 75 48 39 43 9 80 63 27 75 58 83 18 40 38 24 6 16 10 11 69 72 43 87 75 72 61 25 32 
64 16 4 12 35 73 8 78 42 96 57 53 84 75 66 58 61 21 78 73 9 34 32 83 86 24 62 90 66 88 82 7 99 83 66 4 98 56 30 49 
47 19 90 11 66 50 91 66 87 46 66 29 39 70 33 20 87 4 57 4 27 75 47 61 67 94 90 11 27 12 97 28 0 37 83 75 11 70 7 5 
78 64 64 91 54 43 75 76 55 73 46 36 8 63 86 16 3 46 56 45 5 57 37 16 2 86 0 98 40 38 70 96 31 81 36 19 47 99 78 12 
20 76 73 15 14 21 25 70 67 42 90 61 77 73 59 93 36 66 70 96 96 86 24 64 60 95 25 60 10 99 84 40 80 53 34 64 36 40 51 97 
78 47 53 26 12 43 74 91 38 20 1 11 49 97 64 61 78 47 55 94 79 67 16 86 47 68 18 76 96 57 9 79 20 46 34 28 43 86 83 63 
95 50 36 95 72 66 71 75 36 62 67 16 26 16 16 28 93 50 20 22 46 23 17 70 91 35 14 57 19 34 48 70 4 25 83 36 70 72 56 10 
81 72 82 51 38 64 57 32 61 35 39 2 79 94 91 34 21 66 52 4 26 24 48 82 43 84 18 33 13 73 99 50 41 31 37 58 13 79 73 60 
24 32 45 35 74 25 64 88 64 98 70 24 98 16 89 43 70 81 80 27 19 53 90 96 72 19 23 75 77 6 62 30 53 94 26 87 81 90 6 76 
83 87 72 56 40 69 78 15 32 34 18 11 77 85 72 50 18 31 53 2 34 68 89 28 49 96 87 43 44 90 1 50 2 90 41 74 1 20 76 31 
75 65 81 92 85 0 28 0 9 80 54 71 26 42 95 63 15 45 75 81 96 62 79 45 31 96 59 52 11 1 11 91 1 42 59 9 22 47 50 9 
66 84 92 28 81 43 45 59 54 57 65 22 86 74 15 82 69 95 14 90 78 96 83 30 29 81 64 96 91 1 84 40 52 70 17 87 60 12 43 46 
39 30 18 84 75 30 47 9 91 97 0 59 90 57 46 99 98 74 92 16 18 9 23 71 28 27 41 47 77 68 65 97 66 91 65 16 62 74 81 7 
50 40 61 68 53 82 78 20 64 63 13 99 50 14 98 14 94 78 96 70 89 21 45 28 37 77 11 83 30 90 75 17 73 97 26 61 84 86 73 67 
41 96 63 7 13 27 11 27 2 67 12 84 22 37 88 26 16 56 40 41 50 91 95 31 17 59 53 64 51 27 5 93 9 41 86 46 47 44 27 27 
