113757 86732 96089 119430 121152 110855 91953 89132 96315 104390 102124 101714 104939 116713 108022 94731 111559 87389 118796 117926 89866 84703 102992 106388 109624 100527 102779 104834 111345 118555 114548 90752 94481 101607 100679 93133 99978 98683 105404 93631 99551 113814 89586 94962 86671 95424 107150 76612 128105 89748 
132924 113711 133635 140041 156788 147327 127324 130344 133800 145316 139883 116817 133567 150787 126726 125635 147738 108290 137362 138931 125116 110971 132343 131286 142725 113570 123600 121471 146918 147734 151608 128348 119731 127298 128339 128656 126382 135386 153898 146580 120558 133150 125459 121699 115009 117868 113305 103165 159598 114911 
124630 99917 104234 123053 128680 122621 96228 96819 113733 113813 110711 108282 123183 123078 119138 107902 129532 97589 120456 131078 101263 92283 101273 107245 131959 100082 106835 102188 129195 129634 126560 97655 116748 115355 103254 108701 109600 101565 108310 99987 98716 123793 101625 107597 96692 100705 107784 82519 126556 95056 
121299 112391 125176 123760 133476 132374 112033 117212 125974 124220 130943 107468 132047 141039 123378 117365 136471 91286 119416 138952 119640 101027 119312 125208 147215 102321 124579 107092 129599 120503 135674 119970 125801 122839 121463 125703 117875 130350 134392 123211 103838 115235 113539 120724 114854 115418 111385 105615 137301 107282 
141796 127849 127694 143700 153203 148853 116631 119818 132838 133242 123917 120771 150984 152584 130801 123792 152729 97558 135231 148245 123871 115248 119787 129245 139213 112887 132351 116146 154605 141871 139217 121856 119515 139194 137695 131484 134602 128262 139067 128166 122765 134651 115784 130652 112650 123247 130061 99726 152369 118477 
144219 124918 118459 146732 157939 138407 112448 126454 126642 137658 141305 124107 137116 147787 130010 119508 146280 100490 134934 150531 116645 104013 132767 129399 143126 124393 134958 130547 145270 144764 137618 128291 129946 122927 123631 124510 131632 126167 148333 124884 125883 139464 132520 130891 107094 125762 116511 101115 158293 108858 
157689 130637 125445 151871 169414 151716 135363 131252 125760 139918 154565 128877 161323 165072 163663 135468 152671 113794 145972 157250 135119 123216 142058 149926 157303 132634 145199 138151 161426 159440 160936 136624 137298 143584 140766 141160 153183 141657 148930 143447 135043 148479 131326 137611 115360 129836 129413 124288 163085 129684 
133356 115383 108321 120605 140074 122486 96905 109045 105756 118343 121867 110331 131128 131492 120389 118639 133477 88200 116982 132372 104050 91930 115284 124650 125733 110745 127190 106491 133092 119995 117101 103684 108334 112811 115518 108520 117808 121905 138497 112464 122962 118814 105138 106129 95481 120628 109872 89407 143788 101966 
118763 98197 101014 118691 137418 120180 106477 111467 96772 118881 114047 98707 126109 133145 121847 108501 122301 79885 109295 122412 104467 93951 112254 107834 121231 107372 124284 109551 120316 118168 121209 110093 107875 114239 100887 107570 102343 110522 119483 103543 107217 114387 108223 101898 100064 100692 105617 88576 123258 94265 
130006 121562 121224 144666 151122 135446 113009 128062 125752 132464 126799 124103 138447 138623 136173 129773 144228 105062 134353 143678 116030 104366 119235 132270 153339 115605 123827 125152 147209 141408 139362 124477 134034 129145 121662 120889 129437 126947 130451 127267 108587 139287 121846 128453 116499 124692 117149 100884 152688 108820 
144108 116694 129964 142057 138095 140176 126746 139862 138554 146798 138345 124730 140541 151544 135980 132411 138686 94953 128154 141442 118988 110947 147605 132111 145501 125671 137164 123213 141854 141349 146871 132372 124470 130644 121168 138470 126060 142604 156166 137572 115553 132373 133785 128096 127096 126499 113634 111403 155499 113489 
148012 127300 134788 150715 169288 152952 131798 130023 139460 148132 145462 129283 142077 167717 137475 114983 151435 121162 146644 159430 114493 117442 142130 135117 153161 125635 140557 124036 158906 157946 154341 132095 138783 139745 143095 133958 135036 136512 151544 146671 126111 145885 128344 133292 117605 116395 118849 119964 161625 124724 
136894 119028 130462 136138 141077 126059 114413 115584 118431 131968 120471 125599 128778 146342 139794 117423 131639 109610 126943 141635 116053 91822 120994 134434 140472 116460 137005 116225 157110 143625 133249 116994 120129 135089 125831 117798 129955 128480 130273 125541 122421 131677 108046 120670 113694 117439 115042 100001 152921 115515 
129367 105287 116608 129051 139826 119740 107283 123737 116012 121310 120279 114361 122133 133504 132953 106748 133015 99375 124173 124770 107980 87855 125806 126959 134286 111266 129766 108265 142059 133969 129158 113341 128527 119805 121801 126264 117367 123206 136488 125447 100498 124931 111978 113242 108244 112768 100414 95194 148776 113696 
129516 118989 117339 133977 142475 136987 122126 121109 122917 123193 122049 116499 151462 147065 136552 122254 136411 100716 136492 146879 119926 116983 131308 118397 139221 117415 138007 105007 145941 138226 136082 119117 128685 134082 128485 136375 141244 128788 133384 134646 102684 129362 112974 123017 105138 111181 110992 104992 149797 111499 
122248 103939 97450 113617 114703 115703 97989 110614 102751 113604 114853 105197 117863 107173 111535 108163 120632 95582 114474 122471 108734 100898 104163 99978 124039 91933 111508 100331 129936 120763 121991 106774 116409 109318 99360 102596 116188 105417 113106 109023 92920 111868 103703 104209 102529 102593 93442 88727 122554 93016 
147302 128949 116362 137970 155649 135799 118635 126808 108853 130574 141069 124346 143577 137725 137092 113191 149012 108254 139036 146568 118248 107856 132827 137437 152633 119521 138281 114670 151557 141723 135637 130313 134450 119879 129055 128777 137776 123393 144020 133205 117726 134288 111721 120343 111538 120290 111406 102929 147372 109862 
137524 119717 128295 150028 139774 148393 123037 119651 133980 135539 135749 128621 148624 148093 143454 136634 147743 106990 130099 146089 127106 119543 123493 136058 159023 115685 132535 110476 150312 146028 154588 119286 135008 141977 140104 127976 134740 122136 135165 135314 118199 145434 120422 135812 120007 126060 123849 113862 156490 122303 
129773 105152 114067 129671 143832 123370 103568 120763 104540 121409 127679 117736 131809 138434 128844 108985 131341 95366 138315 130717 123569 88851 125855 131219 136832 105547 139908 120960 145203 136637 133523 117301 117415 115360 123211 110422 121387 120741 140323 121157 109221 136468 108727 116192 105074 114772 105454 91891 146832 107300 
114163 101207 109789 130987 131378 125727 107271 100176 109875 125596 121580 106541 110937 133267 108505 103769 132925 102480 112447 126328 100139 96960 103304 106816 131436 99316 114260 94476 130004 126575 125922 100443 114747 110854 111988 114834 109602 105657 122036 122413 106579 111786 109365 114464 110743 95519 102225 94695 129655 97207 
124005 115940 123074 132454 145201 145335 116710 118727 132175 125830 125559 119738 130884 139541 123323 119889 138091 109947 131061 143921 117448 100852 118107 125878 138866 112416 125518 105814 144581 132602 140231 120672 126704 126489 121435 117658 118391 120847 138663 132805 107091 133709 113668 113793 107752 112670 106346 93874 147234 108750 
123841 116043 106591 125069 137944 130439 108346 122117 99445 121095 121462 111566 139476 141755 128746 112666 123295 92444 118347 134270 126700 102167 117421 123580 123464 101315 135352 110281 142634 128567 131407 121095 112310 130102 111479 108706 130029 115101 122549 105947 108295 123569 111292 119585 109322 112821 108732 101073 128723 101568 
137368 119134 128592 129951 140694 134267 111445 123856 115168 133157 132774 114956 132700 155113 139717 110362 137130 103441 119929 143956 119017 94131 129291 139719 137542 118244 137531 105174 143753 138967 136917 123727 127629 122124 115559 135764 123871 122305 137867 127704 111018 123313 116873 120232 108195 115990 107741 111374 139596 102935 
150374 123042 126972 154561 156284 146451 120055 133447 136674 144735 148801 129388 151190 151344 138554 143871 157641 113659 145359 163150 129064 114926 143027 136809 161328 127041 141151 139236 158618 147510 148953 128356 141288 136293 130492 135467 136838 136746 149186 129818 123254 155761 128152 127988 115636 132033 130907 104553 163962 118357 
116405 94577 105915 123435 132124 116106 100806 106165 99317 117799 115348 101857 125135 136477 115087 104491 124490 81040 107667 127172 102467 86246 111757 116047 123420 102333 115951 103877 131050 132724 120007 99943 105024 113544 111718 112625 116558 107509 120552 115608 99628 128975 99467 112312 86963 110596 101004 87455 135148 92326 
135903 113495 131459 139653 144998 127528 111842 126469 123660 135889 132730 122493 143438 139790 137800 131002 141327 103172 135913 136866 117440 107026 138785 141288 151187 116302 143523 111293 152307 143528 132330 121685 127510 130714 130345 128607 122762 129005 149694 131224 118761 138095 115401 117703 107539 115205 109687 107166 157864 123285 
131746 108275 124558 134550 160367 131893 112116 114486 121793 130388 117025 122497 134304 149613 127012 105878 134842 105772 132685 146226 108146 100867 126842 122145 132779 117262 130366 120063 145227 134777 133325 109632 114818 139279 129982 127029 125177 127238 138532 130133 117608 127360 121849 118314 118795 109525 119796 102435 150809 111567 
107190 104575 110411 110790 127830 115305 105645 102936 99694 106642 108121 96659 111752 121977 115158 96318 115770 84597 102869 112932 89657 82916 96793 116987 117422 96071 110331 101398 123310 116526 120546 100602 100137 103746 100648 119034 107342 104462 115656 108476 99382 113475 104190 101528 88536 98562 96717 87215 127487 97530 
146056 124646 128298 151025 159451 143434 121210 139220 133081 150683 136408 134573 147531 156841 142658 129544 160928 105656 129042 157839 131112 103807 136239 146659 146702 134050 141830 120023 162599 156313 139822 136817 139261 143439 131318 129950 143623 126089 154491 141549 127313 151556 126286 139101 118070 123758 109848 111946 158746 117382 
141432 123679 121035 145332 153957 133537 117763 126995 127787 140101 130859 124348 148384 158200 134695 128252 147777 106633 124966 146342 118841 108221 128614 130354 150350 118593 139932 117329 152770 136698 136088 120078 132715 139357 129305 128183 132573 128204 137041 130363 118190 130426 124342 130996 120788 118073 118058 112500 150181 112721 
128189 104544 109507 124672 127353 124994 103172 104483 109231 110250 117108 101699 127513 136657 120428 123292 119537 100855 119354 120066 109120 92607 114607 118183 115218 110475 130328 106946 131629 121940 130311 110132 104407 121227 117121 111940 116634 111640 126763 113688 109497 124046 105407 104756 98885 113533 110762 93535 140646 111165 
121883 100872 102361 126337 141981 127046 95095 109035 97771 121198 125754 94851 124268 138392 130667 102681 135599 91435 107412 117461 101525 89852 109870 110492 124061 94850 116740 105728 144208 127260 119005 106944 105169 127793 110626 116680 118745 102513 123903 116400 89477 121861 104655 108409 102386 110022 93831 90768 113033 100247 
108420 100749 108935 116386 120595 121514 97408 100121 106351 100752 107858 94774 115034 137330 119892 102517 108425 88151 104557 120646 102164 89607 95983 110550 113913 92933 116228 101568 125706 115048 131917 106010 95192 109269 100633 112902 99844 107400 122277 102226 101436 104662 116438 109486 95488 106486 98420 92385 122362 105389 
130839 114309 112687 132067 147618 138401 111747 120209 107906 128023 123036 107605 131724 138945 132152 106651 132806 98004 120374 145486 114671 98067 124135 120142 132883 103755 117746 114980 136931 127809 124650 112951 115788 132096 129429 119270 128490 128713 129352 130636 107230 120007 109322 117153 103448 120331 116305 101357 143276 105607 
129993 128348 114056 140267 154843 129937 117561 117203 121256 131175 125336 129808 148092 146365 133636 126746 135838 104805 127774 142176 116226 117105 122080 132907 143659 110800 146978 112938 151468 134628 134339 120513 125247 137447 135744 129298 132309 126910 138646 128090 129316 128607 126887 125183 112227 113430 116600 119269 150828 123525 
138472 123331 120013 135199 146845 125440 105562 125277 128203 133434 119532 117237 133989 146938 132170 120390 134510 101468 120195 143550 118185 100688 130246 129426 133437 120503 128307 111725 149663 140849 129766 131897 125054 132806 130032 130027 129612 135788 138471 129907 121515 118698 119045 124737 112386 115954 114653 111803 153524 118517 
126138 113461 128670 138475 149639 138387 123075 119456 122028 132873 145763 116545 145953 156875 130561 126485 141613 94233 130594 142502 121042 109709 123442 138599 151630 103767 128685 112473 142915 143471 141790 115647 114005 122202 130330 117940 130570 131133 138238 126127 113725 138081 119397 127863 108468 120228 110833 113652 145712 107789 
119167 95227 99622 125513 131160 116570 102684 104860 100563 123686 112280 108059 125866 121379 115437 111168 132998 90604 118997 118569 106158 96551 114317 110840 123689 103817 113077 96397 130178 131979 117078 106951 107999 115015 118695 103207 116154 111463 123723 113574 93909 117767 91898 95582 103871 106284 96987 85794 127023 95691 
126100 114778 115003 130675 140662 123333 108551 112618 120467 122705 121493 114722 132372 131425 135926 123816 141036 100632 117443 133172 112054 105166 112141 123973 144032 113649 126177 108050 138730 123311 127797 118787 134088 122632 106552 127601 115583 116310 129704 114356 122088 115346 120478 118005 105906 105263 108858 105159 141890 109563 
121056 118662 103875 123697 134640 122854 104324 111952 106094 121498 107187 113531 132708 130039 121875 111313 121267 88938 113037 134224 110964 95396 108835 117616 129023 104812 126217 108910 128574 122420 124784 123653 117898 120161 111560 114725 121403 112812 126697 110789 113542 118274 110395 116339 90467 109769 104103 96223 134869 101235 
120543 109745 112883 112938 134374 127557 110252 113644 116346 121267 122627 104846 127400 123333 104266 106297 123574 86402 117355 120898 100859 100893 113377 121007 124693 102445 106936 102707 122925 118667 131259 108418 102222 117612 115518 102645 114896 116689 127252 113852 98134 122370 102002 95313 103736 101396 104446 100931 129236 99464 
139363 125907 127536 140681 166239 143299 127805 131917 137135 137845 131718 128140 153615 152737 139651 127584 141907 105214 138482 138201 129940 108029 130527 139152 148872 121822 142630 125351 154494 139546 147558 131092 128805 148123 131872 121668 130330 137391 154797 137181 120781 139327 128135 122333 122741 127591 117406 108526 158081 123089 
139631 114847 121232 126800 138701 137792 105769 125223 118378 131175 137640 107723 130845 140741 123735 104741 140046 82090 124055 134701 112485 100624 135488 126888 130750 103195 134976 101929 139434 129463 126314 115195 114040 112744 127252 122721 122287 120092 147988 127406 109541 126712 107793 110230 102723 112678 102529 97327 142154 103906 
139968 117272 111621 132483 152048 131583 104070 123369 126008 131331 119435 119452 127326 152217 133605 111170 136245 94565 122503 144225 121343 97852 122921 122353 125207 110975 118852 115344 146494 144310 133792 115850 115418 128581 124089 117345 125756 125130 136612 115116 121561 122479 115317 127637 109886 114689 111436 92855 145711 113046 
131572 107002 118010 132918 147015 141433 104740 114652 124431 128399 135423 106456 133562 150876 130570 115778 138858 105982 121382 143673 116134 92103 117407 117590 135351 114592 124714 110108 141056 133809 129879 112007 119304 129977 121104 112755 128046 115343 135995 126171 111791 134583 112906 118452 110776 117803 115586 96910 139380 108339 
130009 117292 114444 133755 141053 132029 111915 111318 120784 136167 123937 113916 123265 136279 107738 112651 138494 90763 120362 139087 105717 96734 123978 109032 134846 109625 120393 119243 124935 125933 122510 118560 119953 117808 119193 112244 116893 125445 136085 120345 115530 118191 110097 118263 101219 108212 109275 86557 141393 99204 
125431 104034 110988 119970 138556 124214 100154 106724 108670 111223 119745 112069 128768 131197 116279 104842 125694 93574 110038 133302 103830 99833 132308 117776 121186 103498 124509 108344 128902 129661 123909 119551 115624 126678 127615 118402 120927 114463 129460 121370 96924 111726 104973 105561 97951 110805 101535 93765 133987 102639 
143828 118695 121281 131856 143323 133001 113380 122288 123600 138406 132156 116218 141861 149298 125471 125001 147649 103897 126783 143354 122585 112438 138198 120391 133582 111939 125532 110099 146100 144656 120709 113044 125114 137790 124637 126514 137478 122976 136701 132175 109194 124400 111268 123160 109804 124023 115144 107142 151254 100743 
127076 103940 123704 120507 135357 127520 98984 112225 116537 115596 121508 107900 124101 134790 121548 104994 134291 94712 107287 138540 102187 90131 113314 116428 127739 104978 121677 114059 137421 133459 130729 107443 116543 118739 109584 123389 118610 109027 124116 118626 101849 127806 115014 106527 109491 113739 111352 92512 129731 92757 
116244 106869 89645 112682 124300 111447 90361 103204 99286 107334 108122 93642 105781 120462 108086 94287 112349 83428 113137 120439 95693 87628 109091 104714 114984 91860 96715 89395 117146 113464 99360 96277 102435 96716 100286 93798 104783 109495 108884 101071 98175 102398 82223 102499 81054 100167 95699 85518 130388 87298 
