113902 103674 101760 122822 101037 108768 129130 123298 109421 107206 117339 104038 110229 116185 104678 109217 112115 126443 110306 102692 113480 94345 118771 102136 104150 118834 131538 108787 105404 104892 108749 105516 111004 113085 144888 106247 116492 100668 115406 106079 
104598 92007 98678 111923 90061 98623 115653 113651 97410 95412 97553 107619 92624 99674 99373 97826 105458 112024 93450 100889 109160 96113 107920 95906 82891 105942 114758 103218 90894 87790 107924 98385 107639 101969 128235 97536 110077 89896 108818 87658 
111266 101809 96771 106913 86982 106068 103649 114364 88978 92360 90334 104068 97079 97953 104574 93766 107113 105276 103013 106353 106969 93751 113074 86724 86530 112920 119612 107781 90373 85874 88583 89269 96507 85515 116818 110685 104306 94833 104934 90070 
90614 83421 77647 101089 83621 85312 108403 92180 90599 81874 87293 89975 87908 92720 81920 85512 82826 90206 78130 74959 94372 83744 86152 76788 75657 83310 105351 93071 87295 76373 84099 78083 89871 72277 107101 76745 90742 74515 87704 83999 
93451 88422 85426 103829 68867 82481 103825 97009 91818 91109 86686 101396 84846 88089 87421 91048 88930 86313 90599 78584 95245 81107 93797 69698 63709 89730 102040 95959 87439 76982 89707 84287 83545 74026 107317 92441 82905 87350 99773 81407 
90423 85916 84174 104009 83450 97631 115340 103467 92644 103150 107573 99050 97093 103528 84748 90156 88516 104451 93872 88653 94345 86579 98333 82937 84999 100094 111985 102210 92524 87469 99579 90412 89081 89231 124954 87243 86476 86948 105203 91404 
84084 81021 70500 97410 78204 83047 109306 97839 85658 90139 83881 84204 88541 92502 74785 80795 74399 93899 82578 73212 94624 72204 88233 72581 76614 88024 100704 86479 84919 86356 93289 82383 84010 85248 111277 75537 92853 79314 89269 86836 
91264 87293 85783 98285 78916 94441 113118 105914 104557 91574 100021 91265 100735 104722 85802 99374 82069 104028 102903 78913 94090 74083 94956 84170 79460 95496 106601 102832 86241 87627 87765 85975 80470 92646 116869 100176 85728 73765 88182 89942 
106835 102417 96466 116829 83018 97806 112580 109432 103690 98464 97588 102647 99914 97540 97389 100751 100219 105630 93785 93159 103393 96868 106827 87945 81489 101962 118707 108083 92697 81744 108269 96847 101715 103595 116297 99152 102011 90104 110619 94408 
75214 66734 66826 79316 65930 79908 83890 78736 76698 67032 74447 84304 67302 69599 67179 64622 73295 74401 80640 68805 71093 62581 74055 61924 61482 72806 79927 75011 66621 69238 81623 63180 70527 57900 87028 61576 78155 64333 82831 65238 
80156 86660 81566 94096 79788 82812 103106 92218 84761 92306 89110 91686 87283 81822 86593 86577 76944 89870 89371 70472 97920 82301 82400 73371 78714 87831 96434 86584 90140 86207 89413 86188 81454 77123 111513 77234 88410 81105 90627 85157 
114675 96223 100005 115631 96757 111199 124977 119220 96709 105691 111965 107864 107226 110076 99745 109246 116952 116321 107911 109287 108355 91413 119490 88107 82327 112811 132362 106545 96718 95658 101363 98958 111795 105811 138022 102717 107080 105703 105202 99658 
95615 94642 93772 99439 85493 86051 109485 109421 95761 86669 91053 102072 82055 91671 91828 92066 96238 95031 89555 90045 105799 90307 91241 76267 81364 95046 104153 109510 91063 83090 100340 89109 81570 75828 116712 85317 95799 100200 100479 83654 
85422 78587 80935 97848 77583 79690 95019 87151 87547 82395 85657 80728 93029 79467 86016 82783 82366 89057 85759 76605 92545 78997 79477 68219 76380 89067 92250 91265 86054 67830 84315 82303 73605 80296 104570 74341 77795 82139 90051 78976 
115673 100780 103985 123659 96947 101288 110200 124808 92864 104442 110053 111051 104508 107947 103325 109821 107535 105676 103886 106546 106338 100148 112586 91190 86957 114401 124628 108014 105611 94839 92015 96952 90873 93727 121307 100170 112261 106696 117298 98565 
89038 81281 81329 85519 83928 80558 106607 99182 80624 77186 79253 90024 84471 88700 82248 84846 81322 90943 91240 82185 88597 72258 88120 70301 74257 81288 94596 85636 77853 85093 84449 75707 77527 80647 99038 75370 92785 78671 85593 73318 
104827 93885 92206 114970 97633 102958 125105 121265 97713 101687 104635 100661 113502 106060 96580 97144 104390 107382 103326 106013 102937 90570 108466 86587 90147 116168 118490 114113 94549 98714 102448 97291 93357 109664 131520 99168 105118 105964 108150 106374 
90910 92522 92817 110872 91019 90076 127570 109758 96311 86238 101763 110275 100150 93345 96058 99697 93201 94208 88590 99985 114378 95469 97932 88716 90668 100465 108452 108473 104740 87102 92291 86983 86143 83951 119513 91683 110141 93986 98702 92073 
99243 93070 84098 101462 76404 92503 98456 102942 90126 89273 90695 94492 86516 89557 91642 81775 88779 94950 99724 87926 93757 82692 107302 75630 67518 101151 110071 96490 82633 89420 94161 88211 101615 92819 109089 89650 92401 89497 106173 85900 
107504 99339 102281 111125 92786 97188 114407 115870 115006 88283 106588 111527 95392 108381 94110 106498 89638 103387 106860 90797 106954 89949 99783 91265 85850 89902 117884 104030 95687 97375 103778 90902 99177 94076 119805 97997 117610 86424 96666 99535 
87697 81804 81105 88937 61909 80312 89129 87652 85807 81367 82602 87131 73861 72916 86469 78236 84426 83236 85885 80627 87852 68462 79752 66434 73206 85066 90910 95984 73661 68207 88793 80703 76999 69183 95076 85075 86857 77193 91283 72772 
93665 85969 85384 94024 74254 84526 105168 91917 86947 85205 84625 89050 83472 87531 82506 81518 81755 95246 95486 78392 97852 69591 91551 72647 74723 86908 104254 94419 78347 83087 92442 72392 83185 79180 106934 84355 88800 75347 102705 70452 
99629 95243 95137 120093 95110 97533 122937 114307 106480 86034 107255 113134 104298 98313 99416 101133 99421 109580 104372 97974 105696 104014 111983 84872 83746 98382 111315 110532 102811 89892 106322 94097 94814 102276 121747 90830 105220 93881 111398 94797 
81304 76117 89877 99326 72273 89504 106497 98634 91940 93240 98296 101012 95966 85436 84610 88550 80448 89455 100897 90603 93767 74666 96419 73058 82579 89301 96885 93888 86132 85737 89469 82898 78653 80502 103181 85009 93857 75323 87832 78509 
114156 89402 98077 125321 94001 100261 113204 109272 97019 100271 102584 110204 101649 101222 104979 103771 103314 100693 106047 100356 109125 97493 111350 82288 80926 113423 119127 101909 97263 91857 94528 90544 99746 95912 120944 102297 110138 94218 107886 96846 
109713 89946 85354 101808 93199 99002 111253 108513 103760 96874 103044 99269 95983 98204 88667 100698 97885 107499 91913 91661 94201 78812 90482 83114 80099 98877 119485 105534 85789 89391 93190 85452 90159 87962 112738 95236 94284 96332 99954 92488 
102008 101697 106885 114414 90727 109890 129393 119338 116853 105417 111835 109623 106942 112206 107679 107810 101412 105137 109955 99959 113781 105117 108570 88338 95394 111663 114128 120190 110603 95997 106404 106208 98298 101382 126684 104363 102817 89750 107054 100899 
95546 81828 98088 113483 81327 92159 101357 97011 85274 86754 102106 105618 91728 92657 84069 94902 87803 95559 92568 81227 98659 89491 94476 72069 85081 98509 95370 107818 93650 79881 91878 90344 86348 80168 108031 80396 97038 83175 95825 97629 
111189 91811 87973 118325 93502 89721 104928 109024 93578 91207 91112 108712 96954 101855 101071 95822 92032 99945 96832 93684 108338 93736 97450 87933 78679 106481 120394 109988 98498 90645 92097 91541 89563 86742 115183 95101 110886 101199 100114 95870 
116319 110207 105820 129190 97865 107452 137626 128279 116102 112207 110469 112907 116242 117170 116158 109029 110763 122273 116455 101594 124019 101722 125286 94922 104375 118357 129372 114011 116237 110623 111151 109929 111635 109067 137512 114862 120287 99777 117612 101672 
106613 101571 103927 118978 91541 95115 123516 121755 104118 109077 102211 115948 95940 101368 109130 105761 99323 101487 111309 98509 113060 94646 111602 83346 87860 106313 117613 115777 111822 95990 104275 102983 94345 86188 121244 90926 108740 104965 112190 89398 
96044 89033 86920 109152 83829 92585 109437 100558 89339 85680 98971 100311 92875 99516 83969 91620 89074 97345 91167 86477 105484 92664 96852 76572 74150 101615 99049 103007 94429 77773 105234 92257 88434 85098 116756 80237 91417 91706 99301 95703 
110433 89681 95594 113272 90110 95756 112681 110598 94811 95154 96456 110533 101966 101982 100713 105423 94323 108261 108454 89493 109177 85276 95536 88071 92196 111089 115928 106516 100328 86722 91921 91582 92129 85675 122005 94628 107238 90663 109047 87692 
121748 101420 110776 121555 105635 120069 137635 123956 110891 120122 110749 108647 109585 115120 112750 115099 116200 119579 110008 101091 120547 104057 108264 80907 101646 126385 124614 133544 104567 98280 107997 103793 97798 96961 138773 113049 107030 103836 119488 104174 
105291 92128 97674 112872 100295 91548 109058 116828 95333 90912 97712 108339 98688 100876 91877 107200 87027 97431 101647 92026 98414 81173 95714 91804 89219 92160 120742 98184 92291 83966 88328 80246 94921 85395 123416 83385 111321 96058 104186 89944 
104373 90104 83992 121733 93126 88864 112411 103912 96700 92394 105209 108119 98481 108181 82502 94457 89755 102770 95586 87185 108049 82509 100763 90412 80931 91638 117061 93067 92332 96696 100843 86075 92176 82174 121425 89497 110965 90001 94788 100474 
117384 104431 108491 130397 110193 109573 132351 126643 110133 117098 114710 124777 118601 114619 110304 113132 113473 115547 118570 113715 125729 103778 120550 91372 106176 121875 128030 119564 105448 111261 112835 106058 104039 108569 135831 105574 117171 114243 128236 106674 
114822 97832 109366 117557 100374 104950 125866 114347 107693 99082 104952 117664 103535 110014 105184 106768 102776 108365 104939 100695 112602 98735 102522 90869 94010 101321 128260 121813 102927 94883 112887 97794 104465 96116 131019 102958 111743 95385 106135 98229 
129409 112697 106035 126469 101563 117417 141831 134103 117462 101745 112569 125464 105045 121874 118923 110842 107053 125019 107574 104236 115791 113543 117110 98860 94939 113983 136679 129757 113044 102212 112691 99666 110743 100765 133731 120808 120883 100110 124403 108889 
90240 77949 72457 94477 89613 85499 97438 99341 86974 81332 89367 90280 82904 91600 76193 80558 81386 93643 93112 77437 85286 68583 86975 74869 74564 82920 104425 87964 77300 88261 79165 68662 79124 69014 109536 75598 91853 79688 86426 79898 
