35 94 71 53 28 69 89 40 41 73 1 61 58 61 10 61 89 48 86 86 84 51 99 20 84 2 13 44 87 18 83 15 3 52 58 8 53 82 94 9 57 37 48 79 39 93 78 34 74 60 1 23 76 72 14 76 24 94 12 40 82 0 8 5 13 48 31 55 5 63 38 1 96 81 65 72 56 45 17 54 98 41 80 4 20 27 53 39 98 21 59 43 31 11 64 45 46 86 3 58 51 52 7 96 39 47 35 76 10 99 99 47 58 7 34 93 5 5 54 91 
17 69 88 9 18 62 62 23 8 35 97 74 16 97 7 22 22 59 90 82 32 40 0 19 94 34 55 82 96 69 90 55 31 10 64 95 46 31 13 61 14 61 33 28 82 13 56 10 95 81 44 64 50 58 41 50 50 90 54 87 50 59 84 79 66 45 23 2 37 4 6 17 49 39 12 33 92 46 53 64 84 0 18 50 3 92 75 7 24 82 72 11 17 46 91 49 50 74 74 69 99 12 74 76 58 30 31 48 88 75 21 45 76 34 76 35 24 10 19 4 
1 70 21 40 51 67 69 54 16 84 50 14 5 63 8 78 90 67 31 14 90 83 76 61 80 87 39 68 5 58 50 52 12 94 32 59 93 69 98 12 20 5 15 3 77 74 8 30 76 38 48 86 0 47 62 62 48 88 29 11 44 59 46 92 55 79 16 80 14 66 92 76 61 47 78 67 83 88 1 28 61 3 89 99 86 90 93 14 6 16 61 65 81 41 0 20 58 3 22 75 5 54 0 66 19 21 54 1 8 51 51 45 13 49 67 68 70 2 92 72 
48 48 63 5 58 0 93 23 1 54 37 55 85 37 14 59 84 9 82 97 3 91 47 4 22 89 8 35 19 68 88 61 59 82 96 95 55 50 63 40 19 53 93 24 67 40 37 59 74 98 60 92 10 64 99 76 38 93 3 16 75 79 88 95 48 68 48 9 29 74 53 51 78 25 16 70 6 92 56 83 24 50 18 20 90 89 93 99 73 56 58 81 6 72 10 32 55 18 88 73 97 52 76 6 70 37 11 41 92 27 32 41 43 81 95 60 65 58 54 66 
83 31 90 90 10 85 66 27 9 87 63 89 73 75 16 64 99 3 61 26 27 11 29 17 51 53 33 38 95 88 1 12 7 57 54 52 20 0 89 65 5 9 90 58 6 84 28 27 16 61 46 22 71 49 72 92 64 50 72 32 19 75 84 82 0 60 70 23 70 41 36 39 21 6 21 88 29 77 70 30 71 68 89 13 31 20 68 53 82 70 93 98 29 84 37 91 44 55 29 92 26 95 60 20 13 68 1 40 43 85 14 60 31 57 87 11 53 80 79 22 
88 72 47 47 56 64 9 2 7 23 72 39 91 41 73 2 64 13 24 25 50 1 1 80 54 90 90 65 11 64 52 12 26 21 40 73 23 93 62 94 59 8 61 2 24 34 91 41 96 64 0 42 64 56 97 68 5 85 93 64 26 65 82 92 97 80 88 89 35 9 88 15 78 40 70 74 35 76 57 99 10 14 75 17 53 39 29 48 37 92 99 29 74 51 80 74 93 92 50 91 60 40 25 41 80 49 44 60 1 57 50 34 28 81 37 81 98 0 91 61 
71 74 68 36 24 13 58 44 29 57 64 89 3 27 73 17 6 54 70 0 57 80 73 13 55 58 48 5 74 82 80 73 48 57 86 78 22 79 22 40 92 87 1 34 62 14 73 84 27 52 86 45 76 48 77 64 7 99 46 8 84 91 72 80 32 36 39 13 75 45 68 0 76 8 76 96 40 9 69 92 46 78 43 71 60 99 41 85 63 57 8 34 26 76 90 99 91 43 40 13 73 87 11 14 72 92 5 94 38 56 42 7 80 58 4 51 82 2 60 85 
80 26 76 20 24 13 96 43 94 66 43 37 71 84 20 55 47 31 36 3 56 56 73 46 39 8 42 26 36 0 50 11 65 69 5 44 56 22 20 13 42 26 76 34 10 86 82 98 16 45 36 35 63 42 71 12 94 13 28 75 80 3 78 42 36 13 80 7 28 59 80 13 89 78 99 39 49 13 92 71 51 18 41 98 27 62 41 99 41 6 12 97 33 98 26 1 66 68 56 13 97 80 98 94 94 78 56 32 51 34 69 19 37 63 35 63 87 18 62 70 
69 41 84 49 13 44 44 31 51 7 62 44 50 6 85 50 54 59 57 41 82 78 5 31 7 96 64 2 73 7 46 16 29 2 41 0 50 14 64 32 76 61 69 45 58 13 85 69 38 64 52 53 66 55 11 56 24 44 87 43 39 91 79 38 46 30 83 26 23 8 37 97 22 35 47 34 62 60 44 31 76 85 63 10 19 41 48 26 97 50 15 28 36 98 66 75 11 26 92 52 54 9 89 92 58 98 46 38 28 2 50 43 50 45 89 54 17 35 3 66 
42 72 53 69 3 32 95 75 50 99 84 22 2 34 69 25 61 67 58 1 4 7 2 94 75 52 71 91 37 11 97 91 66 29 71 11 66 42 15 73 17 1 52 9 90 14 88 13 67 97 90 7 95 11 94 18 32 46 5 43 92 59 3 87 18 72 33 40 17 64 49 68 38 44 29 79 63 30 58 53 92 28 79 77 63 87 3 16 73 69 9 35 45 45 17 97 6 2 94 41 57 71 25 47 93 34 48 36 45 27 22 29 65 3 87 77 3 60 21 12 
75 20 85 44 68 37 28 36 48 52 80 66 9 57 99 8 5 0 62 3 97 75 21 17 18 25 98 47 7 59 23 53 73 98 28 17 56 81 53 36 62 69 67 45 1 76 10 66 25 92 40 77 21 44 73 33 45 5 70 49 1 69 21 12 43 71 62 38 29 73 94 9 52 57 33 16 66 86 24 6 93 12 40 59 40 2 99 43 63 34 13 36 21 34 90 35 75 40 96 70 3 67 19 63 10 59 44 55 79 33 19 90 40 77 99 81 22 28 51 38 
78 66 92 29 54 22 53 11 32 32 96 5 84 70 9 20 65 99 53 74 48 9 84 80 81 88 13 4 90 11 46 91 83 47 85 53 55 99 37 29 14 75 51 2 93 52 37 49 39 50 23 26 68 65 47 1 20 9 4 12 15 58 90 95 19 25 10 65 27 17 90 10 13 40 61 55 56 89 43 64 40 70 7 80 31 61 25 53 85 72 61 55 50 11 43 86 32 87 8 31 6 80 97 79 30 57 2 63 19 66 23 82 14 16 99 61 46 75 83 64 
1 82 5 57 86 11 40 89 36 57 62 96 44 68 97 39 8 49 63 52 46 79 22 61 61 56 79 7 57 68 6 68 91 5 63 99 21 68 24 16 5 22 9 82 53 84 11 18 84 95 95 0 44 40 6 5 73 59 61 91 18 67 1 27 6 13 17 31 46 86 71 77 95 82 23 27 58 58 47 7 70 98 77 53 34 57 3 88 74 93 30 57 98 57 4 12 22 47 28 42 13 55 97 13 24 44 69 98 56 51 61 81 58 34 42 38 58 66 16 49 
87 76 23 70 87 42 65 99 87 27 87 81 29 2 44 27 31 64 68 90 72 22 98 53 16 86 1 74 16 42 66 24 78 38 16 0 92 17 84 43 8 23 85 58 88 59 53 96 44 24 78 20 51 39 6 84 13 73 9 70 49 92 13 65 89 6 98 30 38 1 50 70 75 98 76 59 31 10 50 98 15 60 30 4 8 11 39 77 34 51 90 90 2 76 95 94 73 79 97 2 85 22 29 95 43 3 42 70 27 20 3 17 66 98 9 48 35 88 3 6 
97 50 29 16 22 75 8 92 98 91 87 29 42 18 60 74 28 28 91 82 53 37 40 46 19 26 34 4 71 66 83 24 23 17 33 36 81 52 52 42 18 93 16 12 52 70 24 38 86 99 18 84 65 47 62 14 14 36 0 68 56 86 45 62 78 73 77 18 58 91 53 71 34 82 67 59 55 16 0 24 94 32 35 13 38 71 9 31 37 43 21 96 35 83 41 40 10 93 79 64 62 13 6 91 18 91 26 7 85 61 51 16 39 81 57 54 29 96 50 59 
92 38 25 37 39 91 79 30 66 95 50 30 75 1 39 60 33 46 95 21 46 8 49 93 35 19 40 4 90 70 7 34 99 12 30 57 50 40 38 54 92 88 39 28 68 23 94 29 68 84 72 55 94 86 59 83 38 40 8 97 32 37 7 56 79 53 49 38 4 53 90 52 57 91 35 37 46 82 93 28 68 84 74 61 3 16 91 52 27 18 6 34 10 81 75 2 33 45 18 47 84 58 89 27 20 58 32 49 40 14 31 22 78 89 65 11 58 69 86 60 
43 62 46 55 57 11 73 83 36 96 3 73 63 8 43 66 90 35 46 12 81 97 79 80 7 95 67 59 73 0 83 78 71 72 31 4 48 35 4 32 16 57 82 22 19 42 27 76 63 47 62 68 64 64 40 71 52 15 64 4 81 15 45 97 5 38 92 18 5 0 0 45 57 11 0 46 64 85 82 40 81 83 45 1 7 62 26 88 72 11 96 97 95 64 63 64 32 71 34 18 7 11 90 3 25 84 32 61 17 22 46 17 55 32 66 44 34 20 85 38 
72 41 76 27 19 45 43 62 3 43 40 42 12 26 12 24 42 44 61 27 60 2 70 94 97 26 45 22 27 0 47 98 39 90 73 85 4 76 44 11 53 6 6 53 43 81 23 82 87 12 9 80 70 57 81 59 33 86 65 67 84 34 24 89 58 81 43 42 65 79 91 26 74 56 43 69 52 29 3 80 99 61 49 66 33 77 82 2 39 97 74 54 0 68 58 12 44 40 96 59 11 98 62 82 88 45 34 19 29 77 33 63 8 28 38 55 56 23 76 7 
14 12 37 56 24 50 55 44 3 34 78 13 45 47 22 73 36 19 17 47 10 24 65 85 59 49 43 39 35 90 0 66 76 2 58 0 12 43 92 67 11 25 4 43 85 34 62 66 92 3 3 97 23 77 18 82 88 44 96 81 41 82 69 64 70 30 9 85 10 80 40 33 67 76 87 42 9 54 60 85 74 44 61 14 49 83 77 27 0 90 56 24 1 8 34 0 15 28 19 59 15 37 96 94 53 4 0 69 9 24 38 52 97 77 89 42 18 21 53 86 
81 99 33 23 75 94 33 51 86 31 85 11 74 56 9 72 92 81 71 85 90 34 2 12 65 19 51 80 41 23 51 69 31 54 91 28 72 97 14 15 24 38 89 56 56 5 44 48 73 83 80 54 32 15 9 14 31 24 13 89 86 78 20 33 82 9 64 67 60 94 80 54 57 50 16 95 8 14 7 22 10 9 63 67 49 21 67 6 34 17 42 95 33 65 33 6 29 38 26 1 63 37 19 38 43 50 77 63 66 4 16 4 52 44 7 69 55 50 4 59 
61 76 51 70 35 86 93 92 10 31 16 83 84 62 81 62 84 28 70 66 35 0 79 43 92 3 51 76 5 41 84 55 19 93 64 54 35 98 50 82 49 58 38 29 39 75 49 37 77 43 56 16 31 40 33 47 11 54 65 22 15 64 29 39 12 48 45 56 46 57 4 94 24 9 36 77 2 69 8 67 90 75 75 38 92 18 65 62 91 46 39 81 24 76 17 51 8 42 38 69 82 88 2 44 74 93 8 63 26 16 25 4 93 28 56 6 28 18 71 67 
5 96 13 62 9 91 65 55 20 96 68 91 47 28 77 19 95 8 36 86 91 43 16 49 79 49 31 58 80 0 69 95 83 3 39 60 20 37 79 46 92 65 12 71 13 24 45 16 55 9 53 7 53 22 37 36 83 79 77 3 42 6 6 85 65 47 27 77 96 33 35 5 95 38 39 66 71 12 31 27 26 62 33 93 82 86 15 27 71 34 21 75 79 11 38 81 83 94 81 88 12 42 43 37 93 60 77 42 80 42 10 66 48 61 51 24 54 55 37 45 
80 22 43 76 86 47 87 95 92 85 49 87 85 53 0 37 38 65 88 66 98 16 65 8 85 92 4 30 33 20 18 65 82 91 72 59 50 16 45 37 89 70 86 76 72 12 48 1 90 14 72 28 7 3 33 17 67 95 54 51 4 71 30 27 12 78 18 12 51 89 81 28 6 83 23 66 36 5 70 63 45 28 29 94 72 24 61 16 3 13 47 15 19 12 1 44 19 21 34 60 9 45 23 45 77 66 43 50 40 74 2 36 14 37 95 57 21 16 33 67 
76 68 11 74 86 85 71 53 84 25 43 64 11 3 47 6 70 79 33 18 97 12 4 67 14 51 45 30 71 58 58 31 75 67 94 62 50 73 69 15 87 32 23 22 56 38 38 50 61 27 19 17 22 1 72 71 20 97 48 39 59 5 15 9 76 10 32 2 78 9 39 58 72 65 34 0 46 5 71 60 17 44 48 2 58 63 92 43 80 37 79 16 50 40 77 57 0 99 47 97 7 11 69 44 94 55 15 76 79 77 33 61 63 96 65 22 48 73 51 68 
20 20 32 3 55 74 82 29 97 15 99 59 30 25 59 67 99 7 25 61 16 55 4 37 60 11 65 56 5 27 86 22 73 90 60 2 91 74 9 62 61 3 30 52 58 80 20 56 41 46 49 43 77 91 9 83 4 55 96 42 71 59 51 70 52 60 14 45 8 80 7 11 88 55 71 37 29 62 98 67 42 62 84 62 71 50 24 63 31 89 8 74 82 47 57 94 69 26 90 9 84 84 72 25 15 80 35 62 45 24 89 48 81 12 13 81 47 32 6 2 
33 82 8 43 85 22 45 25 82 97 71 27 43 90 49 97 57 83 23 85 38 60 86 79 50 95 15 7 97 32 33 98 24 83 85 46 12 35 25 31 81 29 73 42 68 70 93 93 43 70 94 5 18 59 9 92 73 86 94 35 63 99 17 78 15 53 12 5 56 26 43 48 59 17 52 56 10 10 87 38 82 69 52 16 60 67 38 1 65 17 40 17 6 34 57 7 6 35 13 28 56 45 40 25 40 76 70 49 41 88 87 52 70 62 28 40 47 18 37 38 
11 63 51 66 31 57 34 33 55 15 46 27 64 98 99 76 66 69 72 1 24 60 96 86 83 1 16 36 34 53 53 2 20 60 50 36 19 99 12 59 29 59 31 39 75 38 92 59 88 7 95 64 46 91 81 97 81 95 40 89 90 67 94 68 28 58 68 64 29 45 96 30 26 97 8 59 85 68 36 5 27 98 9 40 57 20 78 60 71 51 67 79 96 75 21 98 48 43 39 92 9 22 38 88 17 76 7 31 98 41 61 8 45 22 21 37 94 25 47 97 
11 52 87 48 9 47 67 12 74 32 68 29 38 39 4 99 85 64 75 43 19 59 26 78 67 39 75 56 63 93 71 21 2 19 74 12 19 2 32 86 49 16 11 90 87 2 31 78 34 96 0 2 59 21 21 31 39 60 84 68 89 58 44 41 36 29 10 47 98 22 34 93 19 74 26 95 54 63 19 30 91 98 75 13 47 12 35 52 21 73 82 72 39 22 75 51 52 15 91 67 65 69 4 3 61 7 26 15 80 73 84 35 82 25 20 17 72 23 25 72 
34 1 69 27 99 43 35 4 19 27 40 69 78 52 85 83 63 83 4 63 52 65 27 6 64 52 80 90 9 67 11 24 61 42 56 55 3 60 29 81 37 39 81 9 46 5 35 7 15 72 41 19 65 26 8 63 51 13 95 42 34 82 61 81 56 2 52 44 37 91 62 21 32 78 23 18 67 64 92 90 95 60 56 2 47 95 13 48 44 45 45 67 90 17 1 23 45 8 43 75 70 54 12 94 69 39 92 62 71 23 51 32 22 84 14 91 72 52 61 56 
64 81 51 19 48 29 57 15 72 10 62 59 41 17 81 50 43 53 77 39 95 95 52 42 64 29 52 20 88 83 3 36 17 35 56 42 58 91 61 84 9 96 69 20 44 53 19 49 71 52 9 32 85 48 68 45 27 65 39 34 76 11 4 78 78 7 73 98 94 45 23 2 37 65 75 17 83 48 93 52 93 91 74 27 42 86 19 35 32 1 26 54 91 63 66 80 58 31 16 70 8 12 53 20 93 85 73 80 31 80 94 26 45 98 43 45 35 74 82 2 
53 45 64 13 69 61 77 98 49 83 70 37 36 49 75 95 3 59 62 2 67 2 63 50 9 55 75 14 17 72 70 57 55 2 85 93 4 17 91 90 64 61 7 79 77 85 5 2 90 87 54 59 83 35 3 35 54 20 58 83 19 35 6 98 92 91 67 3 33 5 9 51 14 93 39 85 61 95 44 29 60 96 14 70 42 35 97 68 69 53 72 93 43 90 28 17 62 24 43 62 34 71 42 9 76 70 38 55 38 19 55 17 8 33 86 75 5 43 0 92 
61 88 3 30 36 12 3 66 40 81 89 22 41 58 12 41 45 78 5 1 11 4 6 52 19 40 39 93 12 0 36 73 30 42 23 11 17 12 77 44 74 94 61 82 22 89 46 60 47 29 88 5 28 77 65 68 90 84 91 54 20 16 69 23 7 62 11 76 81 66 85 23 82 77 97 48 83 13 97 49 33 23 85 87 60 28 64 82 67 46 43 34 38 54 7 68 29 48 91 21 51 23 35 67 91 83 55 64 11 71 79 91 26 62 15 91 82 12 9 84 
6 56 88 55 62 8 70 33 55 82 39 2 41 85 17 71 98 36 10 63 91 43 13 36 80 54 83 80 70 34 76 70 60 72 7 6 74 56 3 8 39 99 68 4 18 91 28 99 31 34 85 91 12 39 87 2 62 82 66 74 95 76 91 11 53 99 44 32 62 98 90 81 57 95 5 40 89 90 11 94 5 41 23 71 60 68 87 89 90 92 1 2 85 52 31 51 97 45 10 78 92 11 89 19 19 58 28 47 32 31 95 98 86 68 97 91 24 91 47 9 
0 27 22 2 92 57 33 1 94 89 90 2 73 46 13 56 27 44 49 48 85 91 26 82 23 73 90 58 89 82 13 20 85 84 61 87 32 67 46 44 1 95 72 7 30 59 19 33 34 4 96 63 94 3 76 36 40 17 1 86 0 80 44 68 9 10 15 22 83 82 64 79 55 24 47 81 13 38 39 74 48 97 54 72 25 52 71 43 87 25 31 90 17 61 15 94 81 41 88 83 43 62 6 43 37 42 54 29 98 4 98 13 82 83 70 65 78 23 79 32 
97 6 28 57 65 95 48 86 44 88 50 57 43 39 38 53 69 37 65 74 24 66 92 35 84 11 48 90 15 84 76 48 11 24 4 27 3 65 1 63 38 48 72 77 42 34 39 3 77 83 92 30 40 62 96 60 0 32 83 46 50 76 15 75 34 69 83 97 8 90 96 16 71 61 79 46 62 71 88 95 98 45 55 63 17 50 63 60 68 36 28 11 24 14 59 11 98 24 55 8 67 48 72 22 7 72 54 75 98 48 8 91 23 41 67 42 29 73 74 32 
63 55 47 96 17 35 4 20 32 45 97 59 1 49 56 80 82 7 27 28 72 15 36 43 33 60 39 96 14 42 36 31 45 82 23 38 89 74 56 49 57 5 94 84 92 84 12 6 35 13 8 47 73 25 99 65 47 29 1 36 28 16 63 99 7 38 49 25 18 72 55 43 66 4 8 90 15 62 51 42 98 3 97 58 77 97 89 83 60 18 22 0 58 11 12 61 16 58 31 24 7 5 34 88 25 90 29 54 49 45 42 40 80 5 82 72 59 25 1 88 
9 38 75 98 18 68 0 32 37 2 2 74 50 25 61 28 45 3 9 30 58 40 23 64 75 21 76 71 31 76 47 8 65 28 16 34 68 11 75 23 5 85 14 98 12 17 85 39 91 60 55 88 8 92 64 16 22 59 71 21 3 25 88 46 9 99 2 81 80 76 62 77 37 34 98 96 82 22 47 45 80 44 66 38 91 73 11 78 55 13 91 39 20 85 79 12 13 32 60 53 16 77 3 45 91 81 42 44 92 66 73 46 43 63 33 88 9 18 45 77 
86 84 32 52 21 80 62 9 43 67 29 8 78 20 88 23 13 20 76 16 74 67 38 23 6 94 59 98 41 76 45 35 67 16 75 70 77 68 11 86 22 2 10 53 52 99 29 41 85 60 41 7 78 42 87 43 40 42 61 83 38 40 69 74 95 36 15 48 32 65 45 24 49 68 67 30 76 45 91 45 25 74 53 69 72 75 49 90 90 21 91 40 24 61 57 4 32 46 53 55 10 41 36 82 63 11 49 14 88 38 8 59 16 77 43 85 13 46 77 95 
40 10 51 50 87 65 63 34 88 63 21 35 81 40 34 94 92 99 90 99 65 39 16 94 99 29 9 61 57 93 91 60 16 62 43 37 85 5 60 58 15 94 51 58 52 59 50 30 55 41 56 64 46 96 48 42 95 65 40 89 39 41 34 35 50 40 44 81 54 33 37 15 82 85 30 0 2 27 49 14 61 91 9 89 41 40 25 56 43 73 4 88 58 99 71 0 70 50 16 73 44 80 57 71 29 9 75 12 55 59 60 57 16 77 26 99 64 53 2 74 
28 48 48 24 13 98 96 82 27 53 33 50 96 85 31 24 91 12 4 6 21 51 27 25 98 74 30 35 92 90 70 45 71 13 23 33 70 5 49 42 36 75 8 93 68 77 40 58 33 55 31 64 11 83 22 68 11 23 54 55 6 74 22 1 25 6 59 10 55 16 80 45 46 9 10 83 27 50 5 52 1 44 39 83 53 13 81 78 30 89 54 24 76 76 54 81 58 69 92 99 75 50 99 50 32 77 25 95 44 4 68 1 24 47 7 21 72 39 24 0 
42 3 13 62 83 20 38 76 66 94 89 56 5 84 85 64 61 45 22 22 66 34 49 75 69 99 88 40 71 73 30 22 22 98 62 44 31 53 27 11 32 57 9 60 43 70 29 89 23 5 8 56 32 30 92 57 42 43 62 89 65 6 65 54 12 19 80 83 92 20 5 1 57 31 23 34 67 43 15 36 66 48 12 35 29 90 31 70 5 71 19 19 43 94 72 30 30 29 76 27 26 31 37 49 89 88 93 83 62 57 9 26 27 9 37 16 13 10 84 10 
28 80 66 6 7 3 80 80 31 10 63 53 32 98 61 90 60 7 75 46 45 73 40 3 26 92 61 97 8 84 85 58 64 3 18 8 3 41 50 12 88 63 38 77 63 28 97 12 63 50 89 61 99 76 40 53 37 51 83 29 31 23 60 17 61 29 83 4 16 65 24 46 73 58 66 50 34 21 77 40 36 82 37 60 48 63 9 43 2 27 3 44 31 59 76 14 38 15 9 27 81 6 80 7 15 93 11 16 20 37 60 53 86 99 14 85 70 43 35 96 
73 4 1 22 42 19 89 38 67 4 19 61 58 98 44 60 30 4 57 50 92 43 42 16 1 20 85 48 76 63 4 4 72 3 63 92 22 86 51 96 9 95 58 80 51 18 13 27 60 44 22 21 17 43 96 52 21 11 94 56 45 16 95 30 65 83 48 55 32 11 92 78 45 37 25 34 4 17 84 98 52 62 88 31 55 91 34 36 36 9 53 48 92 49 57 95 31 25 39 90 3 21 14 69 59 63 14 21 73 39 5 45 12 89 41 40 89 55 42 96 
92 71 79 0 28 45 19 82 82 31 10 39 63 44 68 99 34 38 84 80 48 49 81 52 81 28 3 5 2 58 28 67 85 46 40 22 87 88 89 86 73 65 10 4 78 76 87 26 78 6 52 20 12 12 47 95 99 59 0 10 44 77 92 81 37 7 37 21 51 25 79 39 80 75 98 10 90 61 2 50 51 45 69 49 64 28 13 54 49 59 58 96 82 12 54 38 11 38 68 35 2 4 70 7 20 29 17 42 13 56 32 26 68 79 29 16 38 65 18 83 
80 79 85 26 52 27 93 73 60 22 8 26 63 42 72 29 54 69 67 12 25 89 3 91 78 12 8 46 80 85 37 73 50 43 45 85 11 46 84 94 65 0 21 57 47 86 32 75 51 1 89 5 26 35 23 82 3 18 88 14 47 21 94 37 98 93 87 21 24 61 57 86 40 0 96 25 7 40 29 8 57 95 85 55 91 39 48 40 23 72 7 82 32 5 79 62 35 70 67 85 30 60 46 86 20 80 90 87 86 41 93 70 86 38 17 1 80 94 67 73 
6 18 21 85 46 47 1 69 78 76 45 69 88 53 23 84 98 19 87 96 19 81 14 23 77 95 74 8 72 1 95 9 93 50 9 98 94 51 52 79 47 0 79 89 80 31 39 10 17 54 76 66 89 80 1 14 74 49 52 10 82 12 89 22 2 76 75 10 41 40 57 86 97 7 18 33 97 80 82 49 94 57 81 16 78 20 3 55 68 40 13 72 2 57 96 59 80 43 85 31 59 73 74 61 51 86 49 45 1 3 40 39 77 79 52 19 4 93 93 86 
69 71 40 60 94 25 0 94 82 94 41 38 64 86 23 89 53 20 25 84 81 89 96 40 15 44 97 54 74 77 72 13 55 10 82 14 26 3 65 62 10 15 99 18 94 10 22 18 88 64 99 25 97 65 89 43 80 85 54 21 7 80 9 82 6 28 14 10 86 84 88 78 31 40 61 85 20 67 55 70 8 0 94 48 76 89 51 58 60 99 71 87 81 22 83 84 79 31 69 32 4 78 89 77 46 47 16 3 47 19 58 53 12 65 57 47 72 55 83 35 
79 37 72 0 71 42 82 44 49 20 5 91 83 54 47 82 8 92 40 56 66 24 74 13 39 90 88 93 4 10 92 33 75 14 24 14 4 53 79 64 28 37 83 61 44 99 61 59 56 4 35 64 86 89 84 35 33 67 72 9 86 75 52 88 74 76 32 70 0 59 4 0 97 96 85 91 1 0 0 17 39 95 29 6 47 57 51 54 52 25 30 90 23 75 84 63 72 33 0 17 64 70 12 35 80 94 66 32 92 91 23 19 38 62 34 60 14 13 95 34 
70 38 46 34 38 42 43 72 7 77 67 89 6 55 94 82 90 29 43 49 44 49 23 42 67 28 21 62 70 29 29 43 64 99 34 8 11 49 27 30 63 31 59 64 85 65 12 59 33 2 7 3 33 12 6 7 91 48 54 61 29 74 70 10 72 15 61 26 44 8 4 44 33 49 42 56 58 20 96 27 97 63 1 28 34 74 20 7 80 87 5 98 79 11 33 47 88 20 84 44 35 58 36 52 48 17 83 97 1 70 92 16 40 24 67 60 79 47 44 19 
11 5 5 43 53 26 79 81 39 73 43 8 0 93 61 70 22 84 55 1 1 48 65 25 62 59 37 88 57 54 86 8 48 72 59 4 46 29 14 2 33 21 72 21 5 33 4 96 22 5 84 41 73 79 37 27 29 83 91 53 42 96 30 63 66 46 42 21 21 13 70 43 73 38 93 63 28 89 34 81 80 70 96 1 63 31 37 36 4 52 78 81 55 32 5 16 4 22 9 68 4 53 56 0 17 70 68 17 57 89 69 52 70 73 52 69 91 87 69 62 
65 42 74 11 28 95 10 3 3 67 18 21 42 62 32 81 77 24 62 72 28 3 14 72 11 26 19 85 56 11 3 4 22 16 17 96 89 67 94 87 37 56 16 24 95 83 74 51 94 29 4 8 62 97 65 4 75 19 45 43 10 57 13 54 97 53 50 49 33 90 55 96 1 0 89 25 50 12 4 37 23 47 55 36 32 64 15 95 77 69 18 38 47 74 21 46 20 70 85 72 90 76 79 7 81 69 17 30 5 53 71 41 83 16 84 69 19 50 29 99 
97 2 74 10 31 94 30 93 2 53 55 92 73 66 73 90 60 93 48 86 89 61 52 33 1 15 91 2 4 10 37 61 62 81 18 46 32 77 93 52 34 98 89 52 84 49 28 1 60 96 49 89 41 73 31 46 74 25 1 34 95 45 24 6 42 3 72 17 35 5 27 67 56 2 50 86 54 62 27 18 32 64 51 16 30 12 31 91 7 70 67 83 89 81 63 22 52 7 20 60 11 59 78 38 95 60 82 60 2 42 16 3 4 56 56 4 41 65 95 41 
75 16 87 76 71 64 13 78 41 64 29 18 49 28 47 60 39 59 12 98 75 77 82 86 28 92 83 74 75 14 88 27 89 77 36 74 11 5 60 29 70 39 52 74 40 39 90 13 71 45 65 68 90 24 17 47 40 92 0 86 28 92 46 4 48 90 32 28 80 17 5 48 8 2 49 9 63 50 84 3 70 76 78 77 2 10 48 62 68 4 21 76 54 15 52 10 91 17 55 64 1 80 66 84 24 39 29 78 89 14 33 89 61 28 72 4 37 72 31 46 
72 48 5 83 61 73 45 96 46 17 37 29 72 81 33 52 85 26 62 9 27 16 3 14 5 87 92 66 83 1 43 57 23 17 80 58 31 82 80 36 56 79 39 89 33 16 3 74 80 13 57 56 70 72 96 54 23 94 47 7 54 69 68 97 8 71 77 63 20 82 36 91 57 9 48 17 58 47 17 71 79 62 3 97 39 92 93 23 75 11 1 90 10 16 85 44 62 2 12 49 93 67 76 19 63 3 28 28 51 32 77 63 10 36 37 87 16 3 60 46 
70 72 93 6 94 21 19 7 10 18 71 64 21 80 15 64 33 57 76 85 24 97 98 10 94 95 99 88 5 70 79 4 76 27 54 92 9 12 85 13 7 79 63 28 79 55 79 97 81 97 60 47 92 45 3 78 50 30 46 38 23 55 97 37 94 50 62 76 73 12 37 0 10 1 67 93 26 21 50 82 68 30 27 58 73 27 55 14 49 70 64 28 21 73 61 51 77 60 98 50 34 93 29 6 39 30 53 30 57 1 83 86 58 48 56 50 57 48 26 28 
65 36 57 97 46 61 79 36 65 69 94 93 95 93 29 39 17 38 7 56 55 29 61 65 56 4 75 95 9 65 43 46 41 81 38 56 96 2 31 60 64 42 14 63 44 55 76 62 76 80 81 88 9 98 13 96 2 85 88 42 98 88 69 11 28 41 62 39 4 48 30 52 90 30 67 2 28 3 38 90 10 67 11 76 49 83 40 11 39 31 97 80 45 93 97 42 97 93 49 44 19 34 9 6 77 6 52 34 60 77 32 92 19 18 94 46 5 35 84 75 
60 50 57 85 4 14 99 93 96 80 6 91 22 48 29 79 59 19 67 82 59 60 93 23 46 5 17 38 14 91 76 24 33 81 65 82 2 17 41 11 10 13 53 3 61 10 60 75 93 13 79 80 54 14 29 85 2 41 69 54 94 41 38 2 99 95 48 33 35 80 54 58 93 82 86 92 83 6 29 69 54 78 79 55 89 96 5 17 2 81 33 67 60 30 82 51 91 32 92 35 0 75 58 78 53 92 91 76 6 14 9 19 46 83 92 43 16 99 66 62 
60 61 60 12 42 26 60 45 25 77 56 92 35 28 34 2 56 27 4 18 76 19 36 79 91 51 76 12 3 46 31 68 87 85 97 98 31 8 22 43 30 4 29 62 10 12 60 5 58 16 98 78 68 52 24 41 19 39 60 46 61 85 17 42 86 90 59 31 37 94 53 24 47 97 82 14 69 78 79 85 35 32 31 56 75 59 70 9 37 1 94 15 2 0 15 65 85 8 40 49 82 24 16 12 13 41 84 97 93 44 29 3 86 24 77 34 22 30 54 41 
40 94 58 22 47 72 35 23 64 92 75 68 87 92 33 77 89 93 22 24 95 86 91 7 69 89 86 23 65 61 30 25 6 36 49 7 79 54 46 5 20 46 87 20 84 80 26 83 28 69 25 98 82 59 44 76 28 23 54 87 39 36 38 12 28 21 13 67 75 18 45 68 66 28 61 77 22 32 21 55 42 82 54 20 19 48 21 55 65 89 63 71 61 25 20 31 9 45 5 54 9 37 42 91 97 78 71 21 82 87 8 84 6 47 63 22 28 49 42 69 
8 85 0 37 2 56 58 63 30 82 49 28 42 31 77 34 82 69 4 26 25 42 72 88 14 11 26 25 76 9 90 15 58 11 90 23 37 95 45 18 0 93 76 95 84 73 57 82 42 12 51 38 79 28 84 40 95 54 48 82 26 92 23 62 69 0 95 31 90 52 99 2 80 4 33 66 15 77 90 8 4 65 55 14 6 81 29 56 68 54 25 89 40 76 53 26 57 3 65 58 16 44 96 30 34 17 8 88 18 24 7 90 77 94 24 28 3 47 93 21 
5 23 30 13 89 62 65 89 79 11 70 31 84 36 2 42 55 11 99 38 6 12 34 79 75 12 52 34 81 76 63 94 96 91 33 55 25 34 26 0 85 63 26 20 4 96 91 76 26 41 38 91 98 1 8 73 37 15 70 57 94 45 97 93 3 2 7 28 10 29 94 4 18 70 66 74 94 74 40 0 91 38 56 64 24 28 69 74 38 61 42 15 10 47 80 9 51 72 85 64 52 69 16 39 49 64 87 93 61 31 92 38 52 17 41 90 83 53 13 72 
55 76 57 22 22 34 27 68 39 93 22 71 84 99 55 54 52 51 22 74 46 41 24 63 32 1 28 46 64 25 38 38 16 31 59 99 15 48 93 45 81 56 50 12 37 54 25 43 70 98 26 32 46 85 33 71 92 64 35 43 16 97 72 60 56 8 29 90 4 97 72 14 2 60 56 54 63 23 86 76 56 97 5 95 72 87 58 72 93 75 82 7 61 83 11 4 85 33 17 6 50 20 69 2 37 3 83 68 86 61 89 61 26 27 16 77 38 76 7 54 
87 2 14 14 4 92 55 45 30 31 44 61 36 23 31 36 51 44 32 27 83 31 14 72 22 47 81 40 94 14 20 54 33 60 91 25 52 90 8 69 16 85 99 63 82 74 5 69 2 55 98 4 72 2 71 87 21 45 14 31 72 71 63 74 98 65 15 9 42 52 76 95 53 70 59 0 27 26 71 57 11 44 0 17 69 89 2 70 67 5 74 30 97 69 81 34 97 30 14 2 50 17 73 64 7 21 93 38 95 44 79 45 91 98 30 7 63 61 44 51 
8 9 69 23 1 83 77 25 72 47 26 82 39 91 94 88 22 68 10 35 57 86 92 40 70 62 0 34 48 37 52 23 91 89 34 25 94 7 5 71 62 54 35 29 18 59 80 27 22 35 80 46 97 18 6 73 90 31 59 6 59 25 84 78 94 45 3 57 88 81 30 20 41 13 44 38 76 14 79 60 38 72 17 49 78 79 73 1 12 6 25 7 30 38 14 27 22 71 52 58 81 44 12 11 13 77 29 10 14 49 64 2 7 68 61 65 39 74 44 85 
91 34 34 73 36 50 36 29 72 64 13 26 85 36 94 48 41 35 64 31 19 0 43 43 58 65 5 18 16 14 69 78 93 98 28 96 30 67 25 11 86 86 39 58 31 64 53 90 94 99 2 32 35 85 37 63 90 57 86 3 17 48 54 72 13 69 18 1 25 68 31 33 18 98 95 44 69 5 31 29 24 9 60 72 75 57 37 27 38 49 51 29 48 78 86 55 73 51 2 13 82 3 60 57 8 31 39 46 6 60 97 32 59 9 86 91 29 50 43 57 
19 60 1 58 14 12 44 89 80 8 56 8 45 76 72 72 3 68 66 55 85 19 61 90 12 68 18 78 94 65 81 29 88 71 70 77 44 32 84 94 60 63 37 9 1 25 81 85 50 48 92 72 92 71 2 6 30 42 72 54 14 40 3 86 11 28 41 3 86 67 29 4 33 50 66 52 24 90 24 78 57 79 55 32 29 35 87 11 93 72 30 12 16 65 38 65 5 90 31 53 47 32 85 25 71 3 90 58 99 36 68 27 57 67 0 89 23 24 82 56 
37 85 76 99 41 62 75 75 71 11 4 55 14 51 9 47 0 51 34 14 49 99 75 5 57 73 45 71 39 20 63 23 10 34 54 19 6 74 74 57 97 92 21 82 84 15 16 56 95 91 74 52 28 36 35 4 93 7 92 83 72 3 87 95 66 3 70 27 47 76 48 17 41 29 78 7 27 79 4 28 38 67 71 15 76 6 24 68 14 3 71 55 48 58 66 15 38 97 44 83 85 8 18 55 28 73 33 58 74 30 2 34 35 93 80 65 14 50 3 43 
42 7 57 0 75 94 71 51 28 73 5 3 26 26 39 12 90 50 53 76 1 44 67 54 13 23 97 42 23 91 84 45 92 79 78 94 36 44 34 94 76 98 52 29 27 47 81 5 28 15 75 57 88 30 56 92 47 19 46 79 31 98 74 73 25 41 32 53 58 49 37 17 33 19 3 90 40 5 89 45 34 19 25 75 47 17 36 48 34 14 73 86 18 79 43 12 0 73 62 48 14 84 38 51 94 8 7 26 60 72 0 98 18 69 9 78 78 46 92 47 
43 46 53 10 31 40 34 65 17 81 68 67 95 63 64 58 43 1 67 21 54 34 82 66 30 78 93 76 13 26 56 37 76 0 67 31 84 74 65 83 88 70 76 22 9 51 84 18 42 39 90 74 53 80 57 11 24 31 50 94 60 50 48 71 67 85 55 63 55 1 81 15 27 12 30 86 87 3 62 99 65 53 49 85 83 24 7 82 80 47 35 43 68 2 17 28 38 61 59 14 21 70 28 31 50 29 52 73 52 88 6 3 65 19 49 84 29 55 17 41 
27 71 32 81 80 37 91 34 70 40 36 85 65 73 81 19 67 16 50 96 32 79 27 9 85 77 98 75 55 47 79 10 31 95 53 79 55 20 28 69 88 59 24 24 35 18 32 28 90 47 12 62 68 12 25 10 71 45 92 6 87 1 10 9 96 66 85 49 47 47 8 68 36 65 8 17 43 54 25 68 47 25 62 33 34 27 52 92 43 90 84 10 98 81 19 83 77 25 75 61 58 69 8 50 79 15 34 67 71 85 58 78 67 5 89 56 6 63 50 96 
94 85 63 33 47 59 75 12 78 87 36 50 93 60 90 57 58 23 7 34 43 83 10 10 51 81 80 79 18 71 59 82 57 84 51 52 74 1 58 32 18 19 7 94 87 16 48 6 51 5 83 28 30 56 71 99 62 42 75 32 37 67 89 76 99 15 20 48 48 76 8 35 67 26 52 39 21 24 36 71 9 5 19 4 26 63 91 52 40 49 49 55 78 99 27 79 37 98 44 61 0 27 7 75 29 56 22 34 30 67 43 68 29 5 36 0 33 0 16 80 
6 62 27 73 86 17 78 88 19 33 81 11 99 63 42 88 90 95 84 53 43 70 6 1 73 19 6 41 88 8 27 75 68 66 33 22 17 44 54 67 62 5 29 86 59 94 75 97 9 31 63 48 77 0 44 92 25 99 13 87 54 95 86 11 15 79 20 50 94 33 88 12 28 87 52 89 71 50 63 74 61 25 29 89 51 62 0 17 20 92 81 82 16 29 34 59 14 13 74 77 36 16 50 0 80 38 11 48 48 61 71 62 54 58 94 6 60 37 64 11 
65 62 34 38 92 91 78 7 53 30 63 4 16 71 83 60 48 32 11 63 59 89 23 51 61 13 96 71 6 67 27 25 73 52 52 6 88 35 72 35 77 72 51 72 42 63 40 96 68 87 91 72 14 56 78 55 80 70 97 6 68 12 18 85 15 25 95 33 11 96 34 23 92 52 88 49 84 2 43 47 48 35 38 20 36 57 4 34 15 48 64 87 15 72 60 49 14 47 18 74 0 84 92 50 20 50 32 55 29 21 81 27 32 53 5 77 14 55 2 99 
21 60 30 20 84 48 26 2 92 77 64 81 36 62 52 22 21 97 55 92 68 38 31 92 57 65 20 16 77 53 19 57 68 59 64 29 8 77 96 80 44 63 68 45 24 34 55 56 65 45 13 53 37 21 54 26 34 32 15 63 72 7 95 81 74 33 3 30 20 91 56 9 61 51 38 18 6 32 15 55 54 80 8 13 24 74 47 18 33 7 98 25 35 44 83 58 48 91 89 49 82 17 33 53 73 72 97 2 93 3 18 35 81 56 63 88 15 65 39 21 
54 75 84 21 63 91 97 42 91 76 70 82 55 16 36 57 88 27 35 6 71 86 76 58 32 48 3 71 57 63 76 50 98 8 53 40 3 7 84 18 67 97 73 62 2 93 80 55 45 45 27 80 74 81 10 25 35 81 11 76 27 57 3 20 99 63 87 37 47 55 12 47 56 95 34 11 83 57 59 60 54 95 62 72 33 71 82 63 34 77 78 65 36 96 71 55 69 96 91 74 30 93 37 21 80 16 71 85 86 6 11 63 73 77 94 55 44 42 97 60 
84 33 93 30 51 43 57 8 90 39 21 3 71 88 87 13 48 67 73 11 89 37 87 0 51 38 60 29 93 15 38 86 86 66 6 79 48 33 75 73 84 81 83 11 71 38 85 65 54 87 36 61 70 71 98 31 32 73 19 37 29 56 95 85 43 97 70 90 48 4 87 71 24 81 83 23 44 96 15 94 81 57 59 52 75 46 6 15 89 44 56 72 23 94 67 62 38 38 88 62 67 24 81 12 77 97 89 40 46 67 2 75 57 84 37 44 9 31 50 55 
53 1 25 71 71 36 60 99 53 70 8 96 90 4 9 96 79 22 28 33 16 86 53 25 72 69 28 31 29 67 18 22 21 84 27 53 61 80 69 34 88 40 8 70 82 17 6 43 1 27 16 89 18 40 79 76 60 78 77 95 53 23 2 34 43 71 27 98 12 57 47 22 0 40 57 93 84 64 88 77 24 50 60 27 57 49 83 30 12 77 87 24 23 7 88 23 66 66 20 58 64 61 71 79 6 38 77 93 78 7 28 94 63 15 24 58 86 71 46 14 
20 41 87 39 56 40 26 41 15 85 48 52 30 80 8 98 86 71 51 19 67 7 18 21 26 0 44 13 98 6 10 42 11 10 77 12 72 86 7 50 3 20 77 32 23 28 34 34 49 16 20 8 7 32 20 8 55 20 62 35 77 61 91 26 67 99 1 92 64 47 51 26 32 27 50 99 43 23 80 42 99 40 90 21 47 76 95 50 65 84 66 87 42 50 56 59 69 79 12 16 55 6 41 65 19 72 11 18 90 69 18 24 79 35 52 11 59 87 61 75 
12 30 68 28 93 7 64 28 45 75 73 25 90 42 88 37 30 77 97 43 31 84 78 44 55 5 83 30 50 91 97 7 27 79 47 36 85 52 54 22 40 37 6 30 90 20 68 42 21 82 80 24 80 65 79 2 18 61 94 19 56 42 50 51 99 86 71 50 40 47 19 21 25 98 68 6 16 52 38 30 85 43 52 21 6 68 37 77 59 5 68 86 96 96 19 4 2 44 45 65 62 20 67 77 76 60 59 49 37 85 8 34 20 4 50 74 5 46 42 2 
15 60 39 50 46 11 64 87 13 63 54 73 29 91 84 62 10 62 28 22 13 55 27 92 93 78 95 94 14 15 89 18 36 99 16 97 33 77 56 74 75 11 25 78 14 52 10 55 15 85 72 10 40 64 87 23 16 47 85 77 96 9 65 26 44 98 58 90 84 59 60 81 98 31 75 76 81 64 92 12 80 65 97 66 86 39 12 20 76 32 31 0 17 73 54 76 66 68 52 59 78 1 8 90 22 8 8 31 45 86 62 31 9 23 74 45 10 89 73 39 
47 53 35 6 32 81 50 57 53 27 97 47 96 85 76 1 32 2 5 80 97 65 50 33 95 12 77 51 9 20 54 39 53 65 4 62 95 45 89 23 83 55 24 38 91 16 81 41 54 51 69 68 12 59 14 45 80 19 76 36 4 95 59 47 67 88 48 46 31 54 84 20 11 25 17 9 34 3 43 91 24 61 86 7 76 50 83 79 52 37 58 75 73 42 46 49 31 42 93 40 51 36 47 43 12 70 95 55 75 71 40 96 78 39 41 62 53 89 32 82 
32 91 88 69 95 63 11 40 20 93 19 61 58 85 57 96 37 81 86 9 5 99 2 27 14 11 50 77 60 74 63 1 82 48 17 26 79 9 35 12 11 7 49 72 74 6 99 88 86 69 58 26 69 65 26 27 54 19 84 13 59 48 69 51 19 38 79 5 54 23 5 89 13 25 90 38 62 47 47 95 37 80 77 2 50 62 16 74 88 45 35 85 65 64 47 17 65 76 90 75 62 38 32 47 78 62 91 36 52 83 53 41 34 89 46 88 3 34 14 47 
30 44 63 97 9 75 39 77 7 95 73 6 79 11 28 34 43 51 26 50 65 40 62 53 90 87 28 27 96 40 6 82 19 71 71 44 57 68 69 10 2 34 96 40 85 84 87 36 44 23 19 62 35 48 35 89 35 32 89 82 61 91 70 4 87 83 17 88 69 17 84 6 22 70 89 6 2 57 47 9 44 52 1 66 72 96 20 79 68 88 35 81 99 68 30 42 86 32 85 89 40 74 85 29 58 70 89 93 93 99 73 30 33 65 71 53 91 6 90 87 
78 1 56 46 58 94 94 11 27 59 21 5 20 79 1 38 80 10 38 15 40 21 58 79 12 37 27 21 25 13 42 99 53 18 2 99 5 29 40 35 46 85 30 28 63 82 96 2 9 36 71 42 70 90 87 96 67 56 23 93 85 19 11 6 93 13 40 3 26 66 96 39 66 96 27 5 66 31 78 76 9 44 29 35 48 80 83 59 6 93 67 25 90 6 63 89 25 40 42 55 55 69 88 82 82 67 54 81 68 98 70 40 10 59 32 74 15 92 32 33 
89 44 60 68 41 3 96 8 31 34 75 10 76 59 88 55 36 29 25 30 82 54 83 48 38 0 52 42 85 55 90 25 71 3 33 12 85 71 84 3 7 12 5 55 62 33 47 0 33 43 49 30 34 33 3 27 7 3 83 50 3 83 44 71 62 58 56 70 31 48 1 89 13 32 8 46 52 15 91 33 17 26 94 98 85 41 72 12 52 95 1 1 13 46 25 75 57 74 50 18 0 71 87 48 27 58 84 4 94 6 22 16 61 42 8 82 79 27 39 52 
76 3 71 59 14 65 91 65 18 77 89 16 35 37 85 26 42 66 48 44 88 85 52 51 58 9 78 47 29 28 15 20 54 8 60 70 73 54 33 9 33 9 7 38 14 70 76 99 35 55 18 90 99 19 98 92 26 60 88 14 30 3 59 78 14 9 49 60 98 66 32 5 59 50 83 77 70 94 27 50 51 45 72 52 76 70 84 15 90 13 25 7 56 43 98 8 76 56 65 6 14 82 34 82 44 0 43 22 4 16 24 41 36 21 12 78 36 43 55 19 
7 20 71 9 84 29 74 13 34 98 25 40 20 48 85 42 27 31 40 82 49 20 94 47 10 54 89 66 8 75 22 2 68 13 96 14 18 92 61 42 4 84 86 45 51 63 20 56 53 61 43 45 80 97 80 47 75 13 31 84 32 8 23 3 61 7 65 25 57 90 23 85 28 73 76 0 55 80 24 5 63 12 65 55 70 63 46 9 85 86 54 3 2 13 14 25 11 58 70 98 19 13 60 59 55 49 66 44 27 18 49 74 42 35 62 61 17 87 32 0 
26 57 3 54 76 73 28 36 98 34 57 14 12 85 71 83 83 87 39 0 30 94 42 43 22 9 87 11 18 4 55 46 29 44 27 4 73 95 45 90 97 93 58 82 57 80 11 69 16 71 12 38 79 79 14 59 0 37 81 44 32 89 42 25 32 82 98 68 88 60 10 34 95 13 93 49 5 17 90 55 91 14 5 22 82 55 6 80 90 64 0 63 75 9 89 76 15 55 74 46 38 96 93 86 30 78 61 24 64 11 71 5 68 0 83 98 1 48 59 98 
23 84 81 4 96 44 69 18 98 25 9 2 75 85 56 98 11 24 36 27 12 47 90 67 70 84 80 54 94 21 72 92 89 14 59 6 66 15 20 35 32 73 61 60 73 88 7 58 12 49 85 23 94 38 29 82 58 36 88 12 74 64 63 42 87 16 66 3 95 1 99 65 63 51 39 42 1 77 54 44 97 67 1 77 35 69 50 66 50 19 40 23 53 56 40 54 54 85 79 11 48 6 91 81 21 13 47 11 51 38 49 74 51 38 95 63 65 50 68 79 
5 14 25 27 45 45 42 37 90 53 62 9 85 70 99 95 61 83 36 17 47 0 67 93 97 92 61 34 68 71 12 8 6 99 63 98 42 51 61 56 15 49 87 40 33 78 19 64 92 98 13 64 22 81 34 52 1 58 18 80 95 66 54 64 19 19 33 75 20 21 45 56 1 56 53 69 50 83 73 29 47 52 20 97 42 68 82 41 35 74 62 35 74 13 97 5 95 34 0 17 44 93 50 61 4 76 25 41 66 16 43 28 93 74 2 48 69 66 54 94 
73 89 48 43 7 7 96 28 60 14 40 7 31 6 86 29 83 44 46 10 18 96 55 2 0 55 5 5 20 54 61 20 53 24 32 17 21 82 4 6 99 35 97 82 81 2 37 8 12 64 80 91 95 50 31 81 60 17 39 74 23 16 48 34 39 58 72 51 66 4 18 3 67 36 61 9 4 22 30 57 23 91 9 39 48 85 32 79 35 87 35 19 58 67 34 23 84 31 39 26 45 72 93 23 0 87 42 5 35 89 64 32 50 87 11 1 11 1 12 49 
77 36 53 93 61 89 53 81 68 94 30 10 52 29 86 33 76 52 39 98 49 18 93 6 75 87 55 5 33 60 2 26 2 77 23 57 94 22 29 3 41 9 6 55 34 91 49 29 0 37 97 66 87 96 50 4 4 75 7 75 96 4 41 2 60 80 91 31 85 22 83 28 61 46 30 18 28 76 59 73 28 75 81 88 55 28 94 6 98 40 34 54 25 57 1 21 21 91 73 58 42 33 52 37 31 8 81 68 23 63 86 67 70 25 13 14 3 71 3 70 
93 14 1 42 71 76 71 36 52 28 49 52 56 94 39 38 11 60 39 95 75 45 84 74 79 98 91 6 28 93 11 74 52 39 71 51 51 22 1 75 74 83 33 45 61 90 44 12 36 57 66 44 80 77 84 72 65 85 44 21 36 32 86 32 42 84 33 98 40 39 84 89 36 91 73 89 41 82 33 77 15 15 16 62 71 62 3 25 42 53 33 36 36 66 28 75 90 2 92 7 20 37 30 62 70 93 41 4 71 87 3 81 76 82 46 0 23 66 5 6 
95 67 99 67 53 82 3 90 64 95 44 99 40 84 0 7 81 52 38 46 13 15 49 40 58 8 90 5 39 8 80 13 7 52 80 92 60 22 22 66 84 78 72 96 46 10 28 93 58 38 63 47 19 38 15 2 44 70 73 27 63 61 82 28 80 8 6 30 42 65 8 90 32 66 58 1 68 3 41 82 81 24 45 42 52 28 79 41 79 44 14 89 27 32 61 8 12 26 80 61 15 55 85 63 96 35 37 30 49 32 54 86 1 70 20 53 49 44 18 23 
83 30 91 49 77 31 91 69 40 14 69 6 46 22 46 25 21 74 95 36 62 93 87 72 34 44 63 17 0 24 75 92 44 57 74 70 78 69 5 28 60 83 69 70 72 56 40 41 5 91 49 7 58 99 47 21 77 82 71 0 57 50 50 90 69 45 6 67 81 61 71 85 66 77 42 42 68 7 59 92 23 18 57 72 16 62 80 26 68 93 0 27 48 42 84 38 3 71 45 67 4 28 47 78 40 97 76 4 10 35 19 64 73 95 56 96 46 99 21 98 
0 70 66 18 14 24 91 82 47 94 67 41 65 30 96 46 74 47 83 40 25 19 8 24 47 3 83 87 84 24 90 8 25 79 28 50 45 66 63 25 88 13 62 3 98 4 49 95 93 7 32 87 4 50 34 0 90 77 59 31 20 93 52 55 34 91 34 30 60 8 95 83 48 5 24 75 98 68 11 5 44 19 48 27 47 24 56 29 93 47 76 99 71 37 91 34 26 85 0 52 4 84 83 64 20 22 66 84 58 29 44 16 33 29 25 64 17 87 63 62 
48 43 79 80 55 81 95 70 73 62 87 54 92 62 86 34 61 93 69 40 99 14 84 83 27 90 92 8 62 19 97 76 93 36 11 0 68 18 14 21 45 38 83 27 64 3 37 72 15 52 32 10 4 56 28 93 50 60 30 26 30 5 73 32 17 71 93 1 39 50 87 6 8 30 49 71 10 16 36 15 41 35 70 30 68 19 83 67 16 72 11 49 56 67 94 13 90 19 95 65 57 21 45 97 2 13 23 38 56 31 43 91 34 99 96 85 86 0 80 31 
79 99 97 49 59 87 79 15 91 42 91 68 90 32 96 61 0 64 61 26 35 95 15 80 69 41 62 67 69 82 67 61 13 93 70 71 62 34 2 77 90 28 69 86 69 75 3 25 72 89 83 21 48 51 58 76 71 64 5 87 54 12 94 66 84 27 82 47 85 39 82 98 78 16 65 62 97 79 88 48 13 22 42 64 44 81 35 6 27 20 38 61 21 26 84 48 77 3 89 43 88 25 78 34 95 93 71 99 39 51 37 38 25 20 58 43 14 81 95 75 
44 88 7 38 62 64 1 33 96 35 27 8 83 92 0 58 19 80 82 85 31 90 37 59 69 23 83 10 30 60 16 16 25 70 48 83 65 68 37 67 50 26 51 6 81 58 61 4 17 48 32 6 74 47 43 42 43 24 70 20 50 4 56 19 20 35 30 67 45 84 17 11 81 52 4 99 22 64 22 6 23 31 98 29 70 34 92 78 20 11 22 99 49 53 36 84 28 76 87 44 56 15 0 0 35 72 29 5 55 1 29 57 32 57 47 86 62 86 70 17 
32 41 32 32 69 30 99 64 94 88 88 79 78 27 91 79 67 84 31 93 93 71 92 31 70 34 43 14 6 7 51 33 51 41 87 2 3 76 13 72 74 74 77 76 83 23 67 12 97 19 46 44 82 81 56 20 37 16 40 41 41 0 49 20 6 22 59 90 13 83 60 77 36 62 36 23 36 94 2 8 77 59 90 45 53 42 57 44 75 16 29 85 57 60 18 41 18 84 80 61 30 97 21 15 4 13 33 88 87 5 41 82 88 23 97 76 70 83 76 15 
48 77 49 89 1 63 82 66 99 91 71 56 58 10 75 36 52 11 8 68 78 75 66 38 68 2 57 65 41 2 3 77 63 87 49 36 46 73 69 91 79 86 27 65 15 84 53 54 9 96 88 4 95 7 46 29 83 24 19 13 88 58 55 41 80 46 42 90 43 78 32 56 62 48 6 34 0 68 61 22 80 53 1 28 14 21 41 48 92 29 13 7 60 19 76 83 11 35 49 37 49 60 56 11 34 43 97 74 52 0 53 55 64 59 76 89 81 54 0 52 
29 77 10 36 77 43 52 77 12 42 53 96 25 14 14 4 14 93 5 8 63 78 15 42 77 45 16 67 12 82 90 8 51 42 52 87 95 95 54 51 92 31 27 74 16 12 21 61 33 80 46 36 90 74 69 93 22 34 3 69 14 36 28 87 61 44 60 0 27 42 21 4 66 8 44 19 51 13 82 47 59 61 97 57 38 15 73 56 65 86 31 56 9 23 37 21 19 8 71 28 47 35 81 70 27 59 98 24 79 78 26 41 94 21 14 45 23 42 91 70 
55 38 81 15 77 96 64 9 62 45 63 89 11 81 6 90 9 39 15 15 22 88 37 3 78 59 89 75 51 64 18 34 3 95 29 44 43 98 18 88 75 45 51 25 16 11 76 80 94 33 92 1 83 43 3 54 10 39 22 54 66 27 33 20 66 74 14 63 63 15 14 28 94 75 26 82 60 43 21 23 4 17 31 83 67 49 13 21 42 49 48 59 39 59 98 7 46 51 39 87 55 28 40 43 33 53 75 54 37 70 91 79 81 93 63 17 12 39 25 54 
70 73 15 56 98 56 37 31 22 34 40 37 73 33 2 51 97 34 70 42 0 75 32 85 99 5 25 28 97 36 58 2 17 13 57 29 36 17 35 59 95 25 69 56 35 32 98 94 93 38 65 61 19 42 40 76 81 26 31 96 38 26 43 9 26 12 23 59 20 50 35 56 58 29 84 86 98 56 42 26 89 18 60 54 19 2 22 7 7 48 98 19 69 15 30 40 90 25 2 5 35 99 84 40 72 35 28 0 17 95 14 76 64 59 12 75 13 85 86 22 
91 4 87 67 56 33 55 4 71 97 41 99 38 13 97 54 35 75 96 85 99 41 67 60 38 9 16 61 48 98 46 15 66 54 5 24 77 46 56 54 42 50 36 99 23 28 20 56 70 7 28 57 39 38 5 55 66 62 49 72 6 83 35 64 12 42 92 11 63 79 17 6 75 11 69 76 33 54 93 94 53 52 87 37 98 59 22 43 52 23 2 1 75 13 39 78 86 49 42 84 86 12 98 64 29 78 75 91 28 53 66 20 44 32 96 73 46 44 58 29 
45 20 27 43 49 69 55 48 84 7 25 40 73 76 20 76 97 43 59 13 57 42 63 7 43 57 80 90 70 46 84 34 3 31 38 12 82 5 82 33 20 45 16 89 97 36 79 31 55 43 81 73 38 88 88 53 57 65 80 90 84 93 50 75 76 98 41 73 78 61 5 55 96 51 66 18 37 74 97 17 46 88 10 38 34 67 89 66 14 38 73 85 11 70 75 89 4 42 4 90 18 52 22 79 74 45 40 65 63 86 79 48 58 98 53 74 96 86 17 84 
41 4 40 41 34 89 65 63 70 4 45 14 53 83 53 31 12 20 66 80 28 10 78 40 53 49 14 47 14 96 4 97 68 82 17 93 84 3 98 97 92 58 64 94 76 38 42 92 14 6 81 77 23 96 8 64 91 90 86 27 44 55 85 48 48 38 35 95 74 29 76 90 90 95 29 93 4 80 69 23 9 39 31 99 72 26 97 52 75 18 85 77 75 53 74 41 2 7 86 50 43 64 86 74 19 72 64 36 7 73 22 71 74 65 36 61 33 77 43 43 
9 13 14 8 91 63 80 89 7 24 90 15 63 69 48 48 85 94 30 93 25 40 60 29 86 28 35 30 45 6 14 15 3 47 26 8 78 79 69 51 68 71 43 39 53 30 94 34 32 31 49 84 68 55 23 97 99 76 34 29 99 95 83 14 18 97 83 38 79 18 55 32 48 97 43 7 81 17 18 82 46 94 75 19 44 32 80 83 57 29 25 46 63 58 68 80 12 24 55 75 39 2 22 24 15 75 98 94 18 53 58 38 25 30 83 98 47 48 12 18 
51 97 25 1 58 89 78 27 46 84 93 7 61 71 59 56 23 99 0 25 38 59 48 39 67 55 75 3 45 5 31 48 41 56 50 13 57 15 79 59 64 50 10 21 42 84 46 17 62 28 19 2 98 48 64 33 79 41 88 54 96 25 10 78 12 7 19 62 87 96 79 51 3 72 61 67 28 70 59 56 83 2 25 92 89 53 16 91 55 64 93 54 2 67 10 61 48 5 21 19 60 60 87 5 44 79 74 8 33 58 55 48 21 45 85 28 10 92 19 73 
12 56 83 96 53 83 42 21 34 0 46 66 30 49 75 36 82 57 65 16 39 15 54 94 49 40 29 61 44 58 75 80 31 6 23 33 31 73 18 91 72 46 68 17 76 93 0 48 22 80 68 58 16 56 48 85 57 1 92 0 44 18 5 49 84 97 11 36 68 22 92 12 92 91 56 91 67 31 37 47 41 0 3 46 56 93 58 30 46 66 37 75 52 29 3 17 8 12 2 74 71 92 8 79 52 59 29 5 10 28 63 11 92 19 13 87 67 33 89 87 
89 86 77 6 4 40 27 40 60 9 70 73 53 1 36 91 67 86 46 25 75 32 82 19 50 13 9 15 48 91 94 80 46 4 7 61 92 63 98 71 85 36 68 33 41 23 11 24 68 59 55 38 42 48 22 77 64 18 89 3 55 64 73 65 90 22 22 33 38 50 32 45 31 81 62 30 11 45 17 96 20 27 61 11 69 56 94 39 71 39 66 97 43 34 20 7 88 83 42 78 67 5 47 19 84 75 42 29 62 17 47 67 78 77 98 98 75 76 73 64 
13 23 48 86 20 52 10 19 17 1 76 93 75 8 57 53 82 52 65 37 9 31 37 35 43 17 5 74 41 44 93 56 57 14 13 12 60 56 38 58 41 0 66 38 18 99 73 30 25 47 65 89 72 61 53 66 17 13 15 95 6 36 59 95 27 43 7 14 27 15 92 28 73 60 24 20 99 20 86 47 53 44 5 30 81 97 53 33 71 28 84 32 10 94 50 34 17 89 99 57 15 62 34 81 15 24 40 25 20 2 91 24 44 13 31 28 78 87 99 91 
15 40 22 71 60 15 83 33 21 13 36 80 12 38 39 72 3 83 69 60 90 70 19 21 45 57 68 60 9 71 94 98 56 97 45 52 4 11 79 78 25 32 78 79 88 37 22 54 51 53 70 7 83 66 72 93 56 44 11 6 13 22 90 49 59 56 32 29 74 65 54 60 50 55 70 43 36 77 66 81 63 24 88 80 65 91 91 2 61 66 87 62 27 80 9 14 27 56 71 11 57 69 4 18 74 54 47 8 54 84 63 8 44 15 64 21 60 3 43 49 
70 27 49 64 18 51 97 61 87 40 61 45 29 56 73 57 85 59 79 24 90 15 41 29 89 50 57 68 74 71 19 78 56 67 1 22 15 79 36 92 0 57 82 89 1 10 86 4 34 45 89 91 73 66 68 91 68 17 85 52 29 8 63 43 58 24 17 35 30 99 35 7 43 75 79 68 63 72 69 52 88 95 33 31 66 37 62 20 2 87 57 30 27 38 94 60 62 61 6 47 23 43 27 87 36 16 35 72 85 47 94 85 89 45 30 75 35 43 44 71 
24 19 94 40 18 53 52 56 41 44 53 56 82 49 22 33 91 47 93 77 74 68 75 18 88 89 90 60 78 55 97 46 57 49 7 66 0 14 10 95 56 30 18 42 64 90 88 51 82 96 50 53 6 30 51 23 40 89 44 63 4 79 6 29 88 44 74 64 89 27 77 5 18 46 90 56 15 98 47 64 78 36 66 95 82 88 24 38 45 0 45 45 16 54 48 30 73 95 84 86 51 15 49 40 13 49 95 65 54 71 84 95 83 28 66 0 7 45 81 62 
65 14 50 65 56 51 36 93 92 95 4 98 72 8 43 59 6 26 43 14 96 1 53 55 59 87 88 15 15 28 53 0 11 4 80 37 39 9 74 55 68 34 28 72 39 91 9 48 7 25 42 39 44 77 28 53 97 91 25 74 65 77 29 52 42 6 80 71 29 57 75 89 15 79 63 90 19 26 72 57 34 15 80 18 70 12 22 69 27 69 6 35 78 86 76 2 40 38 32 57 72 61 50 70 32 82 21 18 88 91 12 68 37 91 21 19 79 83 5 47 
17 15 83 43 85 87 15 79 49 16 49 52 74 85 92 10 5 98 29 63 70 96 98 60 73 98 53 83 89 6 44 95 67 37 70 65 12 72 83 57 94 1 86 92 52 56 22 58 61 44 42 54 94 4 46 90 14 81 79 78 52 78 36 52 40 15 28 67 25 44 24 32 44 2 58 88 97 32 73 57 84 99 82 14 96 95 16 84 53 91 64 9 9 97 54 74 48 44 78 77 71 78 87 0 73 46 12 52 43 1 8 9 12 54 6 55 65 18 66 13 
59 81 52 63 43 97 14 18 65 2 38 68 5 99 88 57 95 61 27 98 93 0 25 86 18 96 11 73 61 77 6 15 33 93 41 19 33 56 52 61 21 33 5 70 99 11 55 40 53 51 7 29 91 22 81 76 78 66 22 48 79 31 91 13 48 94 27 62 48 8 96 97 37 76 21 97 96 42 21 34 88 94 47 51 11 10 73 82 22 4 35 69 33 25 35 55 61 48 42 80 52 40 22 73 52 82 25 89 16 96 60 96 21 25 56 27 63 37 34 64 
45 78 95 47 71 23 93 10 13 67 12 47 98 39 46 74 91 25 55 48 37 37 89 24 52 42 33 27 57 41 92 34 93 71 29 24 93 39 14 27 87 49 49 5 36 14 42 71 98 16 52 32 5 35 70 9 63 35 97 71 17 61 62 18 42 47 84 9 17 17 29 6 96 29 48 71 12 63 3 61 18 88 69 58 6 6 67 88 58 99 70 78 98 74 33 43 74 87 75 68 97 6 47 58 28 63 26 27 47 23 72 89 59 42 21 49 97 56 42 35 
85 1 25 26 53 98 52 81 34 23 52 89 86 70 36 0 72 38 76 38 31 20 86 41 8 44 80 79 89 72 73 9 98 71 44 88 68 11 76 78 36 61 61 58 34 41 31 67 45 31 12 68 61 2 29 81 12 66 57 51 42 36 18 58 93 87 97 25 34 82 55 41 43 81 97 17 37 20 32 25 57 33 66 91 21 70 39 15 27 95 22 53 37 38 49 78 78 21 26 6 99 92 71 79 41 99 1 83 56 37 49 66 96 49 22 16 48 22 2 45 
