7 45 20 68 49 28 60 69 43 25 88 95 78 93 9 90 22 32 73 38 
66 69 57 80 32 64 17 73 70 19 83 52 2 84 59 23 31 27 66 72 
36 37 17 76 93 13 60 58 45 26 38 5 91 43 36 16 22 98 33 28 
82 30 6 56 97 30 70 23 81 78 40 24 3 17 99 10 92 48 58 19 
79 12 64 41 40 41 74 64 82 17 54 98 5 77 50 69 29 79 98 29 
41 11 17 31 38 9 68 88 28 77 51 64 72 48 88 42 84 56 23 90 
77 88 12 71 38 31 98 50 31 34 17 8 88 30 33 32 36 58 0 66 
66 4 42 91 18 68 95 7 3 39 96 51 98 81 95 44 90 85 34 98 
69 31 75 95 30 78 23 34 19 92 87 76 98 53 12 84 97 54 3 93 
57 85 37 11 19 52 80 50 92 12 24 39 3 20 53 91 12 96 31 97 
49 61 34 7 23 79 5 69 48 41 54 64 11 0 84 46 6 60 71 69 
0 34 41 72 31 68 76 65 11 12 21 46 94 45 50 67 43 44 94 22 
69 44 95 57 46 6 53 69 14 54 74 62 14 16 98 29 19 37 7 46 
55 71 40 41 5 36 23 75 57 25 70 40 6 17 17 18 42 94 92 6 
63 57 46 56 8 38 63 64 58 89 53 17 76 62 21 81 56 41 50 48 
26 4 67 22 2 97 83 87 91 74 13 85 27 84 13 44 2 91 36 60 
73 49 98 82 6 36 8 20 23 11 52 67 20 19 62 67 89 63 56 34 
79 75 74 23 32 57 48 85 15 17 93 30 35 50 39 96 83 9 70 6 
37 40 42 27 23 73 52 35 68 83 86 37 34 97 29 17 1 83 80 10 
99 20 53 65 69 65 82 70 66 76 97 70 41 78 90 53 35 28 29 44 
