55 98 16 5 50 21 35 68 2 81 70 89 64 14 21 14 6 60 50 72 78 48 57 96 0 6 32 89 56 2 46 25 75 79 14 16 17 24 15 56 77 12 65 39 46 1 22 28 5 45 
69 87 24 19 26 90 74 52 38 62 95 0 73 8 60 83 83 61 10 4 54 39 70 15 12 67 77 60 89 60 27 33 74 32 18 11 42 16 83 43 91 65 93 70 95 91 84 58 49 31 
55 96 6 43 80 3 92 7 11 48 45 75 62 16 2 21 21 61 0 75 66 38 6 95 57 81 23 25 71 41 51 25 58 80 82 19 19 17 90 3 14 20 74 14 48 68 4 90 93 85 
63 14 67 48 23 62 0 1 67 34 4 11 49 2 77 23 16 60 26 33 31 89 57 64 97 88 52 42 88 85 53 88 21 64 25 65 75 70 98 29 55 4 82 60 12 95 36 57 90 44 
66 49 70 28 86 74 76 8 4 77 70 89 35 72 22 39 33 89 15 45 78 83 10 57 78 64 22 99 24 89 35 41 81 2 95 63 5 48 64 42 69 67 72 38 79 76 56 24 20 29 
7 93 59 77 86 93 68 86 99 64 60 90 53 13 24 98 23 42 81 27 58 54 92 96 50 63 42 43 57 2 69 35 63 52 29 0 35 67 68 98 14 45 56 65 85 1 5 55 13 18 
33 67 20 41 37 85 85 94 53 6 41 94 81 75 50 30 59 5 22 49 52 84 89 75 3 91 25 95 92 31 49 67 85 65 54 44 33 69 14 63 65 66 64 84 60 70 88 52 85 93 
21 60 40 98 53 84 50 98 14 51 64 63 17 31 4 11 35 13 69 28 99 56 80 58 97 9 64 74 56 0 85 18 32 29 64 2 8 73 87 99 43 23 32 76 13 47 40 81 4 37 
16 56 8 65 20 74 97 27 35 34 39 64 36 0 96 19 17 79 40 24 85 2 90 10 10 64 7 65 70 76 40 93 21 80 55 51 21 55 64 5 5 71 43 82 42 41 42 76 7 67 
63 40 33 31 96 54 46 36 96 44 34 33 86 18 67 37 31 14 53 41 87 30 30 86 82 30 56 81 67 60 71 3 97 67 54 67 39 10 74 53 16 51 80 39 81 15 30 70 98 40 
7 1 57 81 14 73 91 77 99 87 58 25 80 19 55 51 88 85 66 16 78 84 96 15 14 8 62 14 0 98 33 95 9 65 30 98 19 33 90 95 53 91 79 39 59 50 68 16 55 53 
63 89 26 75 65 70 20 95 71 41 97 95 75 45 30 92 99 81 12 5 0 11 84 96 39 89 38 51 13 83 0 39 77 79 45 53 62 22 43 72 41 70 4 74 36 77 83 63 91 69 
80 91 29 10 92 13 9 81 1 35 74 74 70 64 64 20 99 48 25 99 31 29 22 7 83 2 90 68 58 7 96 2 0 97 20 76 90 91 65 4 94 14 32 2 83 2 94 62 65 90 
67 52 21 65 26 50 47 35 65 17 79 37 85 67 43 41 99 8 59 3 80 25 14 87 78 56 62 25 47 70 55 34 38 85 56 79 83 18 66 97 12 0 31 68 43 22 69 37 37 27 
69 32 76 88 3 78 93 18 68 44 99 87 68 85 72 28 27 9 16 27 22 56 30 90 44 14 39 67 21 96 54 60 58 79 7 82 91 85 54 47 48 92 17 32 30 22 20 69 95 34 
95 41 79 11 84 15 92 59 56 24 13 4 51 66 55 55 39 28 38 68 50 99 77 21 33 35 21 2 75 47 80 11 10 37 47 25 5 30 61 43 10 53 8 12 67 69 33 42 99 36 
20 44 23 22 53 69 93 96 85 21 89 42 19 81 72 30 84 27 75 11 61 41 44 98 99 75 58 67 91 13 39 33 29 76 67 14 17 82 3 51 19 65 30 8 55 93 43 74 82 37 
98 28 84 71 97 7 82 7 3 70 40 13 73 66 60 51 94 3 15 64 48 69 89 94 65 27 30 70 17 67 20 71 97 21 81 49 87 2 79 28 82 68 44 29 85 77 22 7 95 72 
35 68 6 26 33 57 39 32 91 12 65 32 34 69 47 68 83 77 59 41 71 20 13 59 77 38 96 91 89 66 96 77 44 12 25 26 68 48 7 96 12 27 17 32 90 14 41 20 40 70 
90 76 79 70 74 63 13 51 1 27 46 16 50 11 43 86 94 48 51 49 68 11 98 91 67 83 5 31 39 18 21 30 99 86 17 25 24 4 74 10 56 91 32 28 10 65 19 8 30 24 
78 79 92 38 12 59 72 30 81 65 40 13 73 5 85 24 90 82 41 56 13 25 3 14 36 54 91 52 24 53 11 61 94 36 87 38 89 3 26 58 39 49 40 13 73 81 29 97 67 50 
32 36 67 46 61 19 96 42 58 9 23 44 21 82 55 92 31 99 8 86 25 43 75 27 44 13 85 99 86 19 49 43 46 32 15 83 42 73 44 14 27 74 9 55 31 39 74 73 15 81 
39 33 73 35 8 20 78 90 76 3 76 4 28 20 26 98 91 79 36 0 39 12 73 91 95 72 39 78 10 39 41 66 58 89 17 95 77 72 74 39 23 18 51 94 43 79 10 79 1 86 
41 74 41 18 6 33 82 12 72 80 23 90 95 16 60 24 6 82 78 90 75 78 59 64 78 98 98 3 64 23 98 81 23 32 96 25 1 47 71 97 67 67 43 18 72 47 38 77 76 83 
38 75 51 24 21 76 79 0 51 63 16 80 37 28 42 81 55 8 5 22 60 26 30 74 93 36 56 61 54 15 77 45 32 85 48 1 90 59 56 67 36 95 68 13 50 1 19 11 6 66 
13 90 47 53 2 12 54 85 24 87 94 42 57 89 8 63 82 27 52 11 92 35 48 86 92 19 95 23 74 88 53 9 27 17 81 54 62 18 99 8 74 28 24 55 74 47 43 64 77 71 
33 66 25 66 17 75 2 47 33 85 95 90 55 32 43 47 93 85 93 83 54 0 17 54 77 59 27 71 63 94 10 9 74 48 21 62 20 27 30 51 7 87 91 67 14 23 53 34 54 97 
47 89 2 18 65 69 75 34 28 1 64 59 58 10 78 10 71 2 16 1 16 36 11 55 77 37 12 44 88 5 47 32 44 54 10 84 40 28 60 28 95 48 76 57 75 14 82 82 14 26 
57 55 99 64 58 85 82 85 86 60 27 5 85 93 35 76 50 96 94 0 23 19 50 43 75 15 95 82 11 14 70 26 66 62 72 23 91 15 58 21 2 99 70 54 99 40 62 25 31 76 
38 17 35 92 79 70 40 27 26 17 51 65 36 69 61 85 70 35 74 38 69 17 83 48 79 76 48 79 1 42 66 38 50 66 44 95 27 33 91 80 63 85 27 71 26 59 19 64 62 61 
31 93 48 54 10 23 61 10 2 33 66 64 65 36 23 12 82 85 24 89 61 99 71 33 66 23 66 93 73 9 68 22 35 37 89 79 32 7 58 87 38 49 35 45 25 6 38 37 69 11 
26 60 33 1 88 19 67 10 90 23 45 30 60 91 0 29 91 41 25 4 49 6 25 16 51 88 36 51 88 76 71 13 94 88 87 22 19 58 69 13 7 86 80 95 4 55 46 61 10 26 
33 65 56 36 41 73 62 8 99 21 10 59 8 10 6 81 93 36 11 76 7 5 64 46 0 23 6 85 60 65 10 61 44 7 36 87 2 86 98 34 81 4 65 86 56 56 1 57 56 51 
39 17 42 5 32 20 63 76 19 98 64 42 62 72 55 74 44 18 16 74 25 12 96 66 95 83 12 99 40 85 12 58 39 41 24 38 43 92 33 58 26 23 49 52 7 85 99 66 39 50 
7 87 93 97 48 63 26 36 15 19 53 79 21 91 49 45 53 24 99 70 77 73 94 83 82 2 17 29 62 55 15 10 43 21 32 98 82 21 38 38 53 98 33 53 30 16 87 88 97 45 
48 24 75 9 16 72 14 57 51 22 92 67 77 38 39 55 38 66 69 91 63 96 70 24 76 60 38 16 33 75 29 8 2 43 89 96 90 68 85 45 17 42 43 11 87 31 95 15 57 61 
4 77 4 91 38 86 50 13 89 66 6 32 3 18 50 90 37 35 1 51 33 71 47 79 64 31 72 62 52 43 63 69 92 65 22 10 77 91 81 1 95 89 68 73 54 70 8 66 94 47 
35 20 30 56 8 8 82 32 2 67 86 24 29 42 52 55 27 51 62 22 99 62 55 91 9 15 88 10 27 54 61 11 80 91 90 12 66 60 60 20 28 92 51 11 29 68 99 17 23 6 
48 36 82 94 68 60 62 80 11 0 54 43 67 7 52 20 39 2 99 2 94 27 14 22 34 81 15 35 79 24 21 57 73 60 78 63 20 14 81 19 92 25 68 94 63 40 30 70 73 81 
1 36 99 46 78 42 67 80 0 16 65 63 17 52 58 96 2 26 39 2 10 32 94 83 69 4 27 88 68 40 28 44 28 32 5 58 70 67 70 77 33 44 39 19 88 10 87 90 34 50 
76 60 2 23 33 40 27 36 66 76 56 24 23 37 81 18 1 30 39 17 7 98 86 4 13 47 85 24 73 14 3 24 79 25 62 92 48 34 12 95 93 68 61 29 57 90 35 85 37 57 
3 38 52 86 23 38 67 69 29 72 58 45 2 45 70 51 94 45 44 42 42 24 25 3 8 88 99 81 94 91 35 17 78 32 75 92 75 0 36 99 71 49 76 79 66 85 84 87 43 41 
59 69 30 30 35 88 95 89 86 86 65 52 15 96 23 5 64 82 46 3 59 72 78 35 80 49 74 7 31 29 28 92 42 24 44 37 67 74 75 48 19 51 22 42 7 59 20 63 17 16 
80 48 4 43 33 85 41 24 83 19 47 99 73 96 19 38 29 90 29 96 56 37 73 31 32 48 38 34 47 32 33 15 48 23 37 32 46 84 85 38 10 27 99 64 87 56 86 82 20 64 
34 17 31 60 65 75 10 19 23 95 60 28 82 1 25 77 80 68 25 84 37 4 82 69 57 85 25 56 74 33 48 84 94 40 82 34 90 61 8 60 22 54 56 47 53 50 12 72 56 35 
7 74 68 91 70 79 4 78 26 67 81 99 96 41 64 76 5 58 12 13 55 19 95 39 65 88 89 17 15 24 21 77 32 55 31 28 7 67 10 81 32 13 88 2 35 15 83 72 51 25 
9 39 85 8 41 72 67 73 30 25 66 61 79 91 97 89 71 7 49 45 5 83 84 81 2 55 96 15 17 78 9 6 17 18 86 12 78 69 8 58 42 0 75 41 2 25 72 49 21 37 
90 9 71 91 28 14 60 57 60 72 93 26 67 97 34 84 52 33 25 22 97 90 46 28 88 90 33 46 1 36 87 19 23 53 62 33 43 36 28 73 42 80 84 68 13 23 22 67 60 49 
64 13 3 0 95 75 93 35 41 21 10 12 51 17 94 60 76 62 49 45 11 8 69 91 69 89 22 23 31 53 82 6 44 17 59 79 43 65 49 42 58 14 97 65 51 24 25 74 35 60 
76 14 55 11 10 23 30 94 69 49 88 79 53 20 38 3 6 33 20 77 67 83 36 9 74 56 8 41 36 26 46 53 45 77 33 10 73 33 5 77 73 14 7 20 53 36 52 74 5 14 
