21 96 72 84 62 25 1 31 42 49 21 78 68 77 83 49 29 90 53 62 25 60 28 0 58 83 15 82 2 95 83 10 26 18 32 42 42 31 30 14 70 87 56 54 16 3 69 46 86 93 93 64 60 31 25 96 23 96 46 34 32 15 57 4 5 89 24 39 43 44 89 39 26 49 82 91 24 20 14 63 62 0 22 49 80 84 90 78 90 19 83 97 68 94 7 7 61 6 74 17 
96 5 12 40 12 78 28 82 69 38 75 32 15 51 11 91 21 54 65 67 97 55 0 40 28 73 30 10 43 58 7 91 52 40 20 27 79 35 95 74 99 72 71 5 56 1 75 71 73 4 93 53 41 19 3 43 68 58 97 56 15 96 54 35 6 72 16 22 57 60 92 70 24 29 53 17 50 72 55 40 80 72 34 95 19 22 25 26 91 58 65 28 26 56 9 12 2 71 42 7 
90 57 76 5 13 62 40 88 86 88 13 64 14 73 61 21 28 67 99 19 76 23 31 24 18 99 30 33 76 67 71 72 35 66 13 51 57 27 80 13 35 7 58 75 72 63 11 38 65 69 62 38 83 16 53 27 78 52 69 80 46 27 58 1 69 35 31 95 31 68 10 96 59 29 98 12 91 55 45 59 68 81 7 3 16 6 12 47 67 87 24 28 88 28 15 48 2 38 13 6 
85 58 80 7 2 38 23 10 76 70 29 57 94 89 22 29 16 13 92 94 17 76 17 17 46 13 74 67 38 87 83 66 27 80 31 20 50 83 39 81 92 41 37 68 99 39 1 43 38 84 72 64 74 76 53 32 3 32 81 89 16 44 29 66 14 13 99 79 58 42 38 96 36 67 45 88 19 96 81 27 51 79 0 11 22 27 95 29 66 22 16 39 0 30 43 74 95 39 46 92 
68 16 89 76 94 29 65 66 41 99 60 50 99 22 7 78 78 51 98 15 87 10 43 0 20 48 99 1 96 15 45 96 68 59 74 22 2 66 63 80 47 78 36 33 74 89 39 9 6 81 25 49 33 80 51 96 82 34 29 16 30 64 3 53 19 30 16 14 64 24 50 54 47 97 12 59 22 59 61 91 5 17 80 32 51 54 28 62 48 14 14 52 80 37 50 30 95 25 12 71 
52 26 47 75 89 58 5 48 55 55 85 0 53 51 26 26 79 81 82 58 62 94 53 73 41 48 27 25 69 33 40 74 55 24 4 62 44 18 9 86 4 82 49 44 17 53 45 61 14 20 49 88 16 8 16 3 42 84 49 48 98 99 14 25 95 84 47 97 42 39 57 17 79 48 81 80 23 48 96 84 93 50 90 54 11 38 73 83 62 80 87 57 88 84 51 21 27 33 52 71 
94 42 8 83 98 83 45 0 57 45 3 67 38 63 80 15 72 84 85 96 72 53 10 88 7 14 66 38 35 94 28 91 95 0 66 33 79 57 19 89 31 52 70 34 65 32 42 10 88 52 36 12 82 89 49 38 10 77 75 58 67 95 65 57 89 26 1 36 57 79 88 71 67 53 85 78 58 12 26 83 51 94 47 60 68 44 9 3 74 79 58 19 26 74 94 67 76 51 68 42 
3 75 32 82 49 68 93 75 25 15 64 77 3 43 84 8 99 56 28 22 43 6 31 51 20 18 27 51 4 22 97 23 94 20 0 98 1 76 35 26 82 66 15 25 22 61 20 72 53 3 98 13 37 83 12 32 47 17 92 30 28 23 40 16 15 7 96 58 36 99 79 10 51 55 79 34 36 34 13 98 88 63 84 44 79 81 43 18 60 37 25 78 9 82 14 80 88 35 78 0 
34 83 87 82 7 68 64 71 31 18 77 81 50 40 9 11 12 21 30 29 35 53 18 41 19 3 23 47 93 29 87 33 71 10 2 48 76 7 49 93 42 84 36 39 60 53 76 30 15 29 14 20 77 22 81 52 34 78 91 56 10 29 34 80 35 86 88 73 76 38 83 12 69 88 15 14 38 49 69 24 9 63 37 24 87 12 79 3 61 87 81 17 97 61 44 1 92 60 1 52 
24 35 41 12 63 26 47 40 43 50 56 81 98 45 0 30 70 38 19 85 95 65 0 84 9 7 69 31 47 28 7 29 76 29 92 40 75 59 14 73 18 33 97 55 80 9 94 75 69 55 51 28 26 45 60 89 28 67 80 29 9 9 65 95 88 20 4 63 67 86 54 93 18 19 12 66 94 60 42 45 10 77 82 16 57 87 15 9 93 13 15 71 43 27 64 21 20 46 9 19 
28 82 60 45 52 42 24 32 44 51 82 82 12 44 41 59 58 29 75 46 44 26 90 50 93 32 37 18 19 97 49 47 82 97 43 21 26 31 87 69 23 8 30 59 96 75 12 8 35 79 93 58 34 37 86 7 71 64 37 11 16 19 98 19 8 99 43 47 22 87 64 98 59 99 48 34 80 54 55 38 4 32 76 47 47 11 44 42 6 26 45 66 58 19 84 83 62 23 27 14 
65 73 40 29 80 17 8 19 53 2 57 34 89 91 24 66 64 92 40 27 92 85 38 43 5 8 64 10 34 38 23 88 99 80 92 49 91 26 76 85 89 57 66 68 41 67 61 95 65 83 28 31 47 7 73 55 86 87 26 46 95 26 26 31 14 3 13 7 20 30 72 56 26 48 15 26 58 77 15 3 42 57 34 22 28 49 40 75 11 97 95 44 71 43 67 0 15 92 73 86 
15 72 11 78 68 30 77 78 24 58 99 64 85 93 25 88 86 0 38 30 91 93 79 14 59 61 6 88 32 90 88 21 33 56 1 12 12 43 65 75 54 32 24 5 0 52 5 79 20 60 99 82 63 74 9 51 96 43 30 50 19 0 10 54 54 6 64 75 65 68 65 64 14 23 53 84 77 51 58 57 47 16 18 57 51 95 54 68 54 25 81 13 56 18 1 24 84 41 89 33 
44 11 60 20 15 9 83 78 62 89 51 14 51 88 73 13 76 19 21 48 67 63 32 2 22 95 68 43 66 29 75 42 19 19 81 81 87 33 5 74 7 96 97 97 8 18 97 70 86 29 23 56 71 27 12 29 96 86 67 29 91 88 30 73 40 80 84 53 35 93 61 60 34 93 37 70 58 6 73 68 72 42 99 60 71 24 82 88 15 45 85 66 58 80 73 52 34 12 28 92 
94 48 6 33 62 86 78 53 4 74 57 12 31 34 65 78 84 9 83 11 82 81 58 56 1 62 26 68 37 40 97 68 77 77 43 19 67 92 11 82 7 44 41 36 24 72 82 77 22 37 82 84 2 21 23 35 23 78 34 46 80 54 77 38 60 6 53 92 80 60 96 25 66 91 94 33 6 55 81 88 28 44 82 64 30 93 96 92 68 77 17 66 53 8 2 12 43 5 64 1 
58 5 31 14 56 88 76 88 89 67 58 65 21 95 61 12 89 95 10 87 62 43 40 59 11 47 53 2 30 61 95 95 87 21 31 54 12 30 94 72 34 12 35 99 61 16 54 72 95 96 76 6 24 18 45 6 19 94 27 8 58 84 39 13 48 96 74 22 53 63 17 81 5 56 11 36 5 89 85 81 35 79 5 76 47 14 50 50 90 36 11 41 21 98 4 49 54 49 93 6 
49 40 74 44 71 25 96 35 39 17 62 49 94 67 9 26 35 22 51 68 16 33 35 26 82 83 49 3 51 33 98 95 49 17 57 42 81 82 62 50 31 88 71 44 48 50 9 50 61 89 21 18 83 43 24 69 96 50 36 44 80 98 39 53 36 68 73 9 87 73 96 9 89 34 82 87 68 78 36 67 81 19 90 69 7 45 88 76 64 14 33 55 71 67 75 41 73 83 94 96 
70 86 18 95 57 34 82 59 77 60 1 62 52 94 97 81 54 78 50 2 70 99 60 53 68 45 81 46 19 35 43 75 51 37 47 21 89 70 61 81 54 92 58 64 75 27 98 33 45 95 42 57 53 19 36 39 39 62 72 41 72 85 84 17 80 13 24 29 61 13 32 37 24 71 69 41 39 51 25 96 59 3 81 33 35 38 94 54 1 12 85 1 45 12 92 92 64 9 16 39 
99 22 91 45 25 26 0 3 17 74 85 61 45 22 73 12 72 67 96 44 35 1 58 93 67 7 68 26 50 29 60 80 4 43 37 55 61 32 98 17 60 75 27 42 74 87 1 97 64 10 69 60 6 33 25 57 30 37 53 56 48 63 61 11 52 5 13 7 62 70 70 79 7 73 47 38 25 28 59 87 69 28 67 94 96 19 90 2 96 40 87 0 97 48 10 57 56 2 89 15 
36 37 29 71 47 61 58 26 72 56 90 9 88 73 27 34 19 45 74 51 4 4 94 50 38 96 28 93 14 78 96 25 66 75 86 36 77 45 91 55 82 43 39 28 24 73 36 8 59 56 17 73 15 57 24 80 1 96 1 21 72 8 70 64 30 35 73 61 9 29 9 24 9 51 38 64 48 27 4 0 57 8 5 89 57 64 46 82 14 46 10 49 76 11 64 59 65 51 21 4 
54 33 66 4 40 77 9 98 95 42 63 87 2 99 8 73 39 94 94 48 50 23 67 30 57 5 77 14 9 96 95 70 34 83 67 15 92 3 14 73 29 37 77 43 28 4 71 95 66 43 95 87 82 32 94 23 8 94 18 89 79 67 35 14 85 55 98 75 56 21 50 75 88 52 80 95 8 17 92 53 34 59 67 41 74 27 85 23 21 97 84 30 79 54 12 36 82 91 84 47 
19 37 18 30 2 66 80 65 16 36 34 33 59 56 11 75 61 83 95 62 29 50 51 8 25 59 22 87 46 73 19 11 60 7 38 26 8 18 68 74 12 89 84 22 84 93 70 93 12 22 36 55 34 70 16 28 84 66 14 61 32 11 13 11 72 26 56 52 39 71 77 69 77 33 80 15 95 65 52 22 78 30 39 11 45 76 29 33 63 58 34 63 3 78 20 35 43 29 93 40 
13 9 50 5 16 62 40 99 97 98 22 63 92 54 0 6 94 18 89 95 57 19 74 36 10 6 38 52 91 37 11 12 85 48 19 9 56 65 4 83 73 17 24 85 56 19 67 59 54 45 97 31 48 52 4 63 75 46 82 23 92 83 75 60 52 38 20 24 91 9 46 2 81 95 86 49 15 49 53 23 54 3 14 80 70 75 63 44 31 33 22 56 14 38 29 82 94 6 3 82 
25 70 56 11 51 69 39 34 81 64 32 95 61 87 65 46 98 39 40 43 16 44 45 43 90 44 79 4 86 17 2 28 95 84 68 72 12 66 83 26 6 45 93 86 71 67 38 67 56 47 72 78 94 10 28 98 3 1 16 31 81 98 6 97 27 7 5 29 49 46 99 46 63 49 1 66 66 4 65 78 70 5 8 69 12 26 34 64 17 10 9 30 64 7 11 62 94 33 39 56 
89 56 14 30 95 80 87 83 54 32 46 41 84 99 71 20 63 60 23 10 53 24 57 74 44 4 76 32 4 18 6 43 31 97 17 11 48 26 98 43 24 31 93 99 25 38 57 31 62 28 15 87 23 24 53 81 24 18 73 4 86 62 2 59 46 31 87 92 32 76 17 38 48 51 46 10 99 55 97 12 55 57 60 2 36 77 79 81 12 35 37 31 91 17 59 34 42 18 37 36 
24 57 88 2 85 68 23 86 25 67 83 44 10 74 21 82 59 42 88 92 30 32 16 71 15 32 4 93 35 35 49 43 68 0 89 50 24 45 92 49 47 7 5 70 40 89 60 42 6 49 41 24 17 54 63 40 0 77 1 67 26 80 89 18 90 40 44 28 29 70 94 58 74 47 2 29 99 32 66 79 98 86 38 49 90 68 35 71 88 34 6 61 2 53 56 59 27 35 65 69 
26 80 44 90 38 0 36 65 49 17 87 18 71 36 48 94 72 40 99 16 39 30 6 29 62 85 3 2 54 49 41 43 55 47 8 30 43 4 27 26 46 31 52 2 75 43 51 6 29 55 22 57 74 52 17 52 88 67 62 57 87 68 17 18 72 85 82 69 3 98 23 96 86 34 29 84 77 43 28 11 72 44 84 3 49 66 27 83 80 92 65 27 56 17 92 32 19 80 26 75 
22 12 16 77 33 82 63 93 2 75 75 63 22 75 25 93 88 62 8 28 45 13 37 1 30 41 56 68 44 79 20 72 81 26 36 28 51 12 30 94 38 71 59 91 56 73 84 75 11 93 73 7 47 60 73 25 18 62 96 60 65 88 38 66 79 90 93 20 56 18 18 1 83 82 84 50 99 48 35 67 47 64 18 29 77 1 97 4 97 64 19 44 20 84 45 61 86 97 86 99 
30 6 32 2 29 48 13 1 92 74 0 73 48 37 78 32 47 69 85 70 92 99 61 75 62 53 51 64 94 28 12 68 23 31 8 13 20 93 78 94 52 2 43 2 61 36 88 1 35 50 44 0 27 64 82 11 80 6 63 5 50 33 90 82 88 59 28 76 3 79 94 78 87 68 33 36 66 59 11 1 76 22 70 97 62 14 1 74 34 4 9 27 1 72 83 10 47 11 78 78 
59 73 32 81 73 67 13 4 13 52 28 1 36 57 13 93 69 35 68 52 58 74 33 25 44 97 13 81 24 39 55 34 98 68 54 99 52 56 62 7 2 88 65 21 92 56 48 29 73 85 56 20 22 87 66 11 62 48 49 29 59 49 37 55 68 74 46 82 37 71 26 14 72 32 99 27 24 19 4 80 49 94 15 95 24 52 66 5 6 25 29 23 24 31 67 79 73 99 84 39 
23 8 80 88 55 71 74 11 2 58 54 10 31 59 28 75 43 66 16 64 90 95 52 65 1 26 7 80 74 15 61 31 21 2 77 90 93 83 12 90 35 59 59 19 57 36 77 88 32 50 1 72 10 58 58 5 16 13 80 9 90 65 55 71 13 53 42 64 33 35 44 85 23 8 98 65 56 15 60 71 89 38 75 32 94 57 50 97 78 43 11 97 34 17 89 95 36 75 60 52 
63 1 41 42 86 42 81 10 88 20 52 38 32 66 42 63 89 27 48 72 62 59 37 33 89 88 76 36 45 28 60 52 82 83 32 87 40 14 75 74 8 51 51 98 4 35 43 62 82 73 36 11 6 36 76 87 49 86 63 18 24 6 63 56 86 3 88 17 97 52 3 38 0 54 59 35 75 71 29 58 99 12 66 34 7 36 27 29 69 63 92 36 30 79 73 37 9 51 77 69 
28 39 96 24 58 40 65 9 85 47 81 90 51 19 18 30 43 77 69 30 7 28 14 66 23 49 73 88 32 27 96 5 59 90 85 84 4 75 95 61 34 41 74 96 42 82 68 0 9 28 10 99 9 64 72 5 14 47 77 72 21 18 3 95 98 27 69 48 65 30 18 18 42 40 17 37 98 28 47 79 94 36 92 97 36 69 94 3 56 72 80 11 78 12 36 64 88 7 40 72 
50 69 39 86 44 53 17 32 47 47 34 52 14 82 17 77 76 33 88 99 33 18 43 13 82 77 23 3 23 80 63 64 6 48 6 44 58 43 44 36 42 15 62 50 80 21 50 89 61 27 16 83 70 91 43 79 15 99 63 49 58 6 21 34 67 4 73 99 0 23 81 11 49 64 7 92 1 47 52 67 95 76 52 22 9 33 88 97 30 30 53 18 49 25 44 18 75 50 17 1 
46 29 60 6 56 88 94 16 76 25 87 76 31 40 70 69 77 44 47 57 88 92 24 67 92 6 52 47 24 93 15 23 52 13 70 79 5 83 89 50 91 23 81 13 44 68 64 31 17 60 20 83 29 44 30 40 49 85 28 96 81 26 56 91 8 9 34 37 85 24 82 79 51 91 67 27 83 65 94 90 22 26 3 10 51 31 0 50 68 5 54 10 67 98 0 83 25 80 72 86 
10 2 55 79 74 57 24 48 30 17 23 9 49 11 86 38 20 96 70 72 50 51 87 71 42 26 61 54 15 58 30 72 91 99 53 12 41 52 87 94 65 44 85 47 30 88 75 20 79 97 60 30 73 73 7 12 82 27 23 72 50 40 74 2 20 54 89 28 32 64 3 12 87 49 77 7 13 13 64 68 38 16 15 33 85 13 9 0 43 95 79 51 1 29 92 78 45 22 19 99 
7 87 61 90 27 77 90 97 8 5 37 58 80 20 83 36 26 31 17 5 35 4 56 67 97 64 36 66 64 74 6 81 61 19 0 1 40 70 42 36 15 48 34 3 40 57 65 97 61 97 11 98 19 44 0 52 42 90 78 45 59 33 88 25 69 99 55 11 36 75 11 35 22 87 12 34 64 49 36 32 68 25 69 61 85 97 30 16 65 67 13 68 17 14 45 26 14 38 39 21 
51 19 43 96 5 43 92 32 48 84 88 7 59 94 62 99 84 53 48 28 42 0 31 73 50 5 32 52 6 39 87 22 84 97 48 72 90 92 23 7 17 77 5 37 92 76 41 25 15 83 70 8 5 76 87 65 42 93 32 1 81 0 56 52 41 17 38 53 81 6 45 20 82 39 18 0 28 67 56 39 18 69 23 40 32 87 41 71 48 42 57 99 75 7 34 49 31 89 98 66 
55 78 45 92 88 73 18 96 89 48 56 6 46 44 26 27 44 2 24 19 38 1 21 79 50 21 23 62 74 85 86 83 68 29 47 71 66 48 51 1 16 26 35 73 84 5 50 8 91 86 11 10 4 23 87 26 13 98 77 88 60 72 43 92 8 70 37 18 13 71 22 34 44 46 70 77 23 37 34 83 24 54 59 80 30 4 3 27 7 3 99 10 51 50 69 81 75 79 83 44 
22 5 62 62 34 35 23 67 62 25 23 31 11 73 57 73 38 23 89 80 72 68 23 93 98 92 48 6 7 42 1 63 77 21 41 93 16 69 19 18 90 46 18 88 29 75 23 39 50 32 59 10 94 56 78 58 5 32 69 5 23 91 5 22 3 33 19 3 17 55 66 59 88 22 91 0 52 82 72 73 20 71 28 35 86 55 44 17 22 8 33 7 18 75 28 63 55 82 98 19 
34 90 98 82 18 55 59 46 81 32 64 80 96 5 69 12 74 92 0 66 26 72 21 22 94 58 8 55 42 97 81 84 31 72 91 67 95 88 86 37 83 18 78 14 19 27 65 13 72 22 37 74 72 90 30 87 31 87 21 39 6 74 39 7 93 81 51 42 24 55 53 20 57 4 86 30 69 17 11 55 53 84 53 99 48 61 96 97 4 33 57 53 66 38 3 23 74 79 74 22 
52 59 56 59 62 98 94 76 84 60 3 37 57 70 79 72 73 1 54 33 56 84 37 71 15 66 40 14 54 10 91 92 26 25 15 55 37 54 68 14 60 24 22 21 26 46 16 81 78 72 1 27 30 46 88 27 20 3 63 18 98 54 67 5 99 27 52 43 8 18 84 70 52 43 15 32 79 11 93 2 16 18 78 44 35 40 95 85 44 89 29 48 48 48 29 56 93 33 66 6 
27 74 12 92 84 61 52 32 50 3 10 55 97 19 91 50 80 86 21 96 18 75 96 27 13 38 6 64 81 73 28 61 55 83 3 63 22 62 28 52 51 38 52 55 19 16 91 32 65 31 35 75 99 11 28 83 49 9 59 58 10 18 60 96 80 29 83 58 2 75 41 97 19 74 31 9 39 17 13 95 19 55 81 14 60 20 2 19 63 86 73 86 79 90 12 3 10 31 85 31 
79 95 58 45 87 19 22 62 27 8 84 89 70 1 56 77 58 30 40 33 37 3 22 48 35 34 33 84 11 38 95 98 50 9 68 20 74 87 36 76 23 71 38 57 9 26 93 5 96 7 52 20 99 86 17 58 88 90 68 48 43 20 78 52 84 55 77 62 21 36 24 30 31 72 28 14 28 89 44 71 17 1 16 87 89 79 92 42 47 85 90 54 85 29 23 7 99 24 36 81 
23 15 96 73 28 23 90 33 47 57 52 99 71 83 99 67 19 45 67 22 64 26 65 29 79 0 68 91 52 91 8 93 32 12 72 6 2 92 53 56 69 25 30 44 60 47 90 9 46 93 14 70 81 65 8 37 22 19 65 0 51 91 88 48 97 20 2 95 46 12 7 49 21 43 60 20 0 42 56 30 20 75 96 22 66 36 51 78 7 90 54 35 15 90 16 71 58 74 6 19 
6 58 46 44 51 89 41 70 52 79 54 67 4 5 59 24 96 71 97 45 71 45 75 66 13 87 60 40 97 53 40 17 34 17 55 14 54 50 62 59 14 47 72 88 24 13 91 88 45 33 60 21 93 33 30 74 92 41 83 79 39 65 99 54 5 6 79 28 75 51 95 26 5 87 8 38 76 72 96 89 52 27 67 11 89 32 70 43 6 31 91 20 33 78 65 52 1 1 93 4 
35 67 88 43 74 94 74 97 2 54 11 76 52 58 76 73 18 33 96 25 35 52 27 20 64 62 97 86 56 39 2 32 18 57 79 27 64 73 1 73 74 9 19 53 47 86 70 8 98 33 40 56 94 44 77 43 43 97 76 5 63 91 10 36 67 77 84 1 25 53 35 8 32 52 2 13 21 55 88 18 62 40 20 98 91 1 41 7 43 76 57 80 90 31 89 6 99 50 76 79 
96 20 1 32 44 72 88 41 79 61 94 15 12 80 86 75 22 53 81 8 89 83 18 88 36 88 54 20 88 43 5 44 51 14 39 80 82 63 75 1 78 19 77 52 55 1 11 41 46 17 17 9 56 59 24 47 53 97 64 14 28 97 82 71 27 76 46 13 63 64 70 19 7 62 99 48 34 29 90 20 76 33 96 25 37 30 64 60 49 77 18 33 26 22 90 31 37 85 33 65 
27 67 47 2 91 78 69 43 73 0 71 73 17 6 15 45 20 7 52 76 8 36 70 89 34 17 33 62 58 50 43 82 23 41 98 28 31 66 2 41 48 28 26 49 53 70 68 12 9 74 48 42 9 78 64 84 45 67 91 89 26 28 60 75 86 35 25 29 97 83 31 5 35 92 12 74 36 99 11 3 63 38 93 14 46 73 82 22 38 84 60 31 83 32 19 28 87 44 80 44 
10 10 56 31 16 86 7 20 85 43 21 2 2 42 14 26 99 6 24 85 62 12 66 58 9 91 41 74 59 94 87 87 16 15 42 69 60 76 34 27 86 20 2 87 92 91 27 54 32 98 92 42 41 99 84 86 92 22 31 87 2 46 66 12 1 20 52 4 96 96 17 67 55 68 75 77 99 61 49 45 21 10 20 2 64 31 75 18 87 6 23 46 29 40 91 87 53 30 10 33 
20 44 29 61 40 97 32 91 26 57 12 20 93 55 48 61 95 58 55 85 6 94 59 1 16 72 70 64 29 97 18 63 34 29 14 50 65 82 6 84 77 77 58 6 64 58 42 4 1 29 40 5 50 25 39 65 19 11 6 8 2 67 64 89 90 96 85 94 40 18 52 12 1 26 74 3 0 57 62 21 92 33 62 29 52 13 66 56 73 59 42 57 79 34 78 97 90 26 61 5 
9 35 92 95 33 90 14 3 61 72 24 35 52 24 64 75 42 78 2 89 69 88 45 65 88 67 15 60 38 82 74 21 66 46 61 10 83 70 3 52 43 15 6 87 27 85 81 47 80 6 97 75 70 84 44 8 88 43 7 41 29 10 57 84 20 51 17 54 77 9 62 25 81 54 33 63 37 0 95 10 17 47 17 66 33 61 98 9 57 22 67 7 77 46 59 1 8 87 97 46 
96 39 86 25 35 48 0 13 1 8 26 40 74 41 79 49 50 39 83 42 47 8 65 51 63 9 0 62 30 87 52 9 29 37 16 53 16 87 75 11 98 66 65 77 5 53 66 90 91 3 39 72 40 67 51 20 51 89 60 7 64 32 8 82 33 41 95 74 98 39 1 64 83 85 7 82 42 22 0 21 18 91 70 19 30 11 28 96 85 77 31 44 8 89 81 2 81 64 32 38 
32 44 8 32 94 54 50 58 84 91 61 14 31 79 7 19 65 12 16 99 25 37 1 87 66 77 83 94 16 7 28 5 39 34 89 57 78 25 32 56 46 36 35 12 88 96 10 9 96 65 79 44 20 27 21 68 10 83 77 63 17 5 89 53 10 22 13 50 21 49 62 52 97 40 82 10 36 64 69 70 22 7 8 72 65 3 0 53 88 72 37 8 66 4 69 31 36 76 14 17 
33 55 90 18 66 60 29 46 10 43 52 79 20 94 32 36 42 35 78 31 47 29 88 65 2 77 44 96 88 61 69 45 87 37 69 30 3 71 75 8 13 1 29 68 36 91 43 84 24 41 4 47 97 34 75 96 35 7 4 10 62 4 97 46 43 64 7 84 46 94 82 66 57 89 90 3 50 15 95 80 76 82 14 46 35 14 26 69 96 66 77 57 46 87 35 93 44 43 13 50 
91 2 98 50 47 95 80 87 57 70 50 22 91 96 66 38 54 28 98 90 62 22 18 30 85 48 38 99 9 17 24 74 65 75 32 33 65 30 7 49 95 30 4 15 15 39 32 30 13 8 13 78 35 90 33 32 61 9 85 30 78 45 14 57 80 25 89 21 97 73 11 10 94 47 0 78 99 8 67 39 78 43 71 43 1 7 49 10 81 11 97 96 48 45 76 3 89 46 78 67 
80 67 56 83 96 91 16 34 87 2 92 0 97 94 85 0 25 39 60 91 76 9 54 45 99 48 56 27 14 95 83 41 24 70 44 81 3 24 51 23 27 38 97 9 51 43 14 74 31 89 42 12 78 44 53 53 87 20 49 5 91 3 42 80 41 34 84 9 36 2 65 0 72 22 38 96 50 85 2 48 17 87 18 24 63 67 6 3 33 24 36 35 5 93 13 84 90 94 57 90 
41 24 74 0 32 8 48 4 91 43 25 86 17 40 96 65 68 24 37 5 45 1 87 8 19 99 46 43 21 57 74 17 16 94 48 57 57 94 18 9 2 20 57 52 69 42 80 55 76 74 38 31 0 29 50 70 97 58 84 68 24 95 3 35 23 46 90 89 9 80 87 59 20 68 95 52 91 4 74 92 57 68 57 11 99 55 96 75 22 78 14 32 24 73 81 41 83 34 16 9 
52 50 9 18 9 2 35 2 28 38 41 15 39 15 58 92 56 91 70 84 9 33 12 26 47 94 97 59 55 51 64 23 85 97 68 2 76 50 56 73 30 65 84 30 89 6 49 53 83 75 9 13 24 84 80 17 15 18 21 35 95 75 81 93 87 3 86 45 79 70 96 24 33 69 65 92 87 19 25 93 53 32 93 12 46 43 46 61 16 16 17 82 83 20 54 96 63 87 21 21 
56 96 21 0 50 37 5 74 66 53 77 20 19 75 74 74 88 55 72 91 60 76 7 22 42 85 84 17 23 19 61 2 45 9 15 57 55 21 63 1 45 55 11 48 26 55 44 76 91 57 92 4 87 19 47 76 47 96 71 52 55 54 3 1 10 88 50 54 95 29 42 7 31 23 94 59 85 27 31 12 30 87 52 64 15 92 65 65 39 70 53 68 54 21 2 2 8 58 81 52 
30 14 67 16 28 13 72 95 11 20 0 5 47 8 38 99 32 39 20 48 86 45 10 16 36 36 58 25 40 17 5 23 21 60 43 65 20 1 86 66 29 5 20 13 34 31 94 15 80 40 29 29 29 21 28 29 2 41 8 44 48 24 10 88 79 93 51 46 13 7 5 13 22 23 98 22 36 46 59 90 65 19 54 27 0 52 18 20 27 54 74 5 15 4 39 66 87 44 67 74 
5 56 24 38 88 98 71 12 5 64 87 98 50 38 46 15 35 7 42 36 17 53 27 11 86 54 7 17 53 40 7 66 76 39 54 81 79 67 26 49 68 81 62 59 10 38 44 51 51 94 79 96 57 89 28 90 86 18 40 78 31 69 43 26 56 80 26 31 81 56 95 76 88 34 45 4 60 34 42 48 97 34 42 80 3 30 80 78 21 82 16 34 1 70 41 67 27 35 39 30 
38 98 27 48 64 7 25 37 60 64 60 34 45 1 60 46 88 4 41 42 58 57 31 40 61 51 83 92 36 7 10 55 29 26 73 82 90 7 45 74 60 18 83 56 49 70 92 63 92 45 32 45 5 49 78 45 94 91 69 4 48 29 22 49 94 87 96 52 75 51 31 38 0 78 40 20 9 63 70 40 91 45 50 67 84 0 24 27 2 13 84 49 92 23 80 77 25 77 57 33 
40 46 32 7 89 18 68 24 12 0 64 65 32 2 0 1 83 75 48 70 99 2 99 24 22 11 14 66 77 8 81 56 60 4 9 31 17 9 14 3 8 64 38 12 0 71 36 59 42 80 95 5 99 42 35 25 3 99 44 79 18 87 33 23 41 47 65 75 2 9 64 62 38 25 40 57 75 30 1 20 87 86 31 57 70 0 97 37 31 22 99 69 81 53 41 93 30 91 92 10 
61 91 52 0 8 15 12 0 12 70 59 6 92 49 86 59 67 11 9 49 65 80 97 63 56 70 87 22 35 44 35 82 17 48 34 28 63 36 51 53 57 26 29 56 81 42 4 16 15 68 91 86 54 33 7 3 13 63 58 91 9 73 57 28 18 81 60 44 35 16 59 72 32 76 71 50 73 81 75 68 10 55 96 94 6 45 43 86 30 51 49 40 49 75 22 91 45 55 34 70 
11 24 99 7 65 35 60 82 14 30 24 46 17 59 5 47 83 71 26 5 33 38 93 62 64 56 57 52 5 82 92 53 57 88 73 64 82 71 16 47 32 4 20 85 96 54 93 67 2 32 77 60 79 23 79 90 34 11 17 45 83 50 18 94 25 53 69 95 20 46 46 73 1 10 92 23 91 79 38 87 29 7 17 60 36 47 51 2 65 57 15 45 40 9 53 84 62 77 43 93 
79 40 3 54 69 51 67 44 22 84 85 90 8 84 91 13 29 8 92 1 22 10 5 69 66 17 41 77 33 85 52 82 4 96 90 72 32 50 93 38 5 57 80 60 6 81 22 96 3 39 51 42 64 34 25 57 30 34 9 3 41 27 98 17 59 41 29 25 37 46 9 75 96 11 75 92 69 52 18 22 64 0 62 15 16 23 51 67 56 73 27 83 84 9 34 41 54 78 69 26 
93 95 1 2 34 32 14 47 33 43 14 15 72 49 37 59 97 21 65 81 38 0 98 22 97 75 8 51 8 87 17 88 13 20 21 89 28 4 53 62 6 40 59 13 21 11 43 93 59 23 10 23 99 11 59 56 38 71 61 26 6 89 33 12 94 64 63 54 69 43 60 77 57 66 95 35 76 57 0 8 17 65 19 6 87 63 96 90 44 47 32 58 24 5 25 31 22 21 40 28 
61 35 80 65 17 87 93 10 62 56 1 2 31 98 71 5 1 18 89 61 95 50 71 37 86 36 33 60 68 20 71 77 88 58 57 52 96 9 87 95 51 5 51 22 33 76 12 45 48 99 48 10 78 48 40 13 57 87 89 12 66 70 99 3 72 10 45 28 36 18 59 13 54 63 29 10 32 33 38 89 13 49 69 27 93 77 44 27 83 77 86 32 37 4 98 70 51 19 97 43 
14 92 88 71 96 0 46 91 27 85 90 6 45 92 20 79 70 44 67 65 42 5 17 65 37 57 39 47 34 87 76 40 50 82 94 6 69 96 4 84 50 74 98 88 65 83 3 57 11 24 79 3 7 15 51 12 53 12 84 73 91 60 95 95 75 24 57 78 48 30 84 77 55 78 82 38 19 67 72 78 33 35 39 80 11 21 73 67 81 51 84 9 67 97 25 22 5 32 59 48 
51 3 38 34 94 9 55 78 72 42 89 20 28 64 77 18 63 83 10 35 9 61 21 73 88 81 50 27 83 86 91 11 52 41 98 90 86 96 23 44 82 45 94 85 84 90 23 64 97 0 53 4 78 13 43 78 96 1 31 42 62 53 40 21 11 19 35 27 21 47 93 73 2 14 63 39 93 73 64 50 1 75 1 35 13 24 72 32 62 10 14 99 31 17 78 20 72 74 82 88 
69 5 18 62 88 43 79 51 46 75 85 50 24 15 38 95 8 50 17 29 53 72 43 85 2 1 9 88 73 17 50 31 39 78 13 30 66 63 38 81 98 84 2 38 26 62 32 73 95 1 21 53 29 16 18 87 34 82 84 3 70 90 13 87 2 65 84 85 77 23 70 3 19 34 29 71 34 8 49 14 36 5 11 32 38 28 69 99 8 35 35 43 20 77 90 75 20 47 72 27 
2 63 58 97 27 99 75 56 24 64 72 84 46 85 61 94 71 82 68 26 58 56 79 11 23 16 79 37 38 5 74 25 0 62 50 14 21 16 96 99 7 53 7 44 85 18 60 93 92 97 15 32 90 59 25 81 33 45 81 97 35 80 95 48 93 1 66 18 91 97 93 71 26 40 67 16 32 36 17 76 24 59 20 51 58 98 20 58 89 98 57 96 81 9 2 73 67 17 44 64 
70 35 96 72 74 12 32 99 17 72 21 69 70 44 14 87 59 43 17 12 7 42 62 55 20 80 39 89 5 52 5 71 37 40 55 88 62 10 94 36 8 4 72 25 58 63 30 15 64 73 31 0 31 93 21 8 17 19 94 74 95 33 41 90 10 57 46 95 16 95 51 66 62 0 70 31 70 15 27 97 56 61 15 77 76 46 95 9 87 80 76 35 81 15 72 23 32 76 58 28 
69 30 97 38 2 71 20 60 75 14 73 65 28 94 39 35 74 77 33 25 93 79 49 51 99 94 74 41 62 99 77 71 69 85 95 5 72 56 14 69 42 48 49 54 55 52 97 41 65 67 86 84 20 82 64 17 88 95 7 99 41 3 61 38 82 16 71 50 2 97 60 40 92 56 86 79 60 92 70 36 44 75 53 42 61 56 12 69 41 35 31 59 1 66 33 43 43 19 54 2 
8 61 79 11 42 77 50 97 21 3 38 8 90 70 63 45 73 54 13 41 71 28 92 3 31 19 65 50 16 94 14 57 93 39 83 7 23 92 85 36 19 16 2 99 31 52 82 24 41 38 14 16 11 26 13 83 76 26 43 85 58 49 33 90 47 86 52 73 81 18 49 0 92 9 25 16 91 19 69 82 52 50 17 94 22 0 68 32 55 15 24 64 18 48 34 37 48 85 79 54 
7 32 29 13 30 29 32 45 9 17 30 33 81 3 27 70 88 70 45 79 52 77 67 13 92 87 0 65 41 25 15 13 82 84 27 79 53 19 84 49 57 27 57 39 56 73 57 12 48 62 16 53 60 26 37 27 39 43 97 38 12 66 31 37 98 34 10 96 4 71 94 23 32 3 50 20 84 33 22 9 83 5 22 27 83 20 26 50 76 45 72 16 25 68 75 91 90 82 73 51 
49 2 79 6 67 48 81 53 20 59 35 79 72 6 50 89 36 19 91 24 82 50 16 17 66 29 60 70 65 79 63 65 80 74 11 95 15 29 28 38 22 66 47 1 72 9 54 74 17 75 67 58 56 87 59 32 57 31 3 1 40 47 10 9 52 3 7 35 64 80 69 13 8 75 78 82 89 40 52 34 21 51 83 58 60 31 80 28 37 14 25 53 86 44 93 21 68 45 64 60 
20 92 89 4 76 72 83 33 90 49 18 79 58 98 39 26 90 75 0 17 48 45 39 45 62 78 44 97 85 42 37 82 64 33 26 64 54 99 56 89 24 62 40 99 84 33 91 8 63 95 83 1 32 28 21 24 16 21 9 83 15 58 58 9 13 39 42 24 74 96 81 51 54 99 85 19 63 61 44 68 16 14 35 89 42 57 62 20 72 34 19 74 28 32 23 57 73 23 44 90 
4 80 19 38 15 50 32 70 59 22 92 65 91 75 25 87 41 28 29 56 20 15 66 61 14 33 19 77 42 66 36 65 87 78 72 90 28 38 68 25 8 3 12 53 97 44 94 96 7 6 89 0 17 66 12 18 0 40 95 87 46 95 77 19 13 24 36 88 20 5 60 44 90 41 57 72 25 7 86 90 41 50 2 52 25 51 81 30 58 82 97 62 36 26 67 96 39 87 53 61 
27 15 65 36 80 41 15 88 51 44 7 88 9 6 69 97 64 69 44 89 76 14 44 70 45 98 77 5 34 48 6 55 9 19 46 33 57 26 26 36 16 51 58 56 32 5 85 87 3 74 34 56 68 85 35 31 23 58 85 40 57 8 14 55 82 56 84 59 22 4 19 71 35 49 9 68 75 70 24 62 10 68 14 50 52 32 39 27 46 33 8 34 59 78 88 0 1 75 30 90 
50 58 88 48 10 82 99 30 93 90 40 81 22 38 59 13 89 39 77 19 20 65 61 77 9 11 52 4 50 47 75 40 52 61 88 56 77 66 48 5 63 45 79 28 76 11 57 52 78 2 85 49 14 48 88 47 95 20 5 73 65 20 56 40 67 60 83 16 11 79 96 43 85 38 75 57 22 30 10 83 6 4 84 90 56 75 50 55 19 15 46 14 64 68 65 9 77 20 26 68 
86 74 27 22 7 67 15 38 99 36 42 70 80 2 53 16 80 93 32 48 65 21 47 81 10 51 2 36 60 32 83 37 89 20 24 28 54 39 63 66 2 11 52 82 73 64 46 82 63 76 56 98 74 59 6 87 66 79 94 72 36 59 60 13 94 36 72 46 17 24 69 10 69 32 55 25 34 42 2 78 1 23 9 18 54 78 0 8 22 59 87 38 2 46 9 97 52 81 73 28 
2 67 23 35 42 72 14 35 92 91 70 69 38 87 75 84 33 61 27 92 4 70 8 94 43 79 42 16 12 4 54 11 35 40 96 80 11 59 9 16 28 92 48 32 82 14 75 94 79 54 83 12 92 70 4 73 39 66 98 96 62 39 69 22 83 22 20 81 2 14 92 46 98 64 74 17 7 53 39 19 0 23 14 67 70 6 7 21 30 18 7 57 37 58 51 86 84 62 76 54 
22 72 92 12 64 94 82 23 35 87 76 30 43 76 1 36 6 91 46 35 94 71 82 63 65 70 93 23 14 60 15 73 95 70 59 77 35 37 25 30 12 29 26 79 5 58 94 64 48 37 39 29 22 96 70 73 2 84 45 97 14 66 23 1 58 61 34 55 23 92 60 79 30 77 2 13 14 2 92 1 94 64 81 37 22 15 5 0 19 9 98 98 24 0 80 83 91 37 5 11 
5 72 70 84 2 61 24 62 30 10 62 13 50 91 89 50 88 0 43 90 51 0 97 27 21 85 19 76 35 43 90 38 58 88 19 88 14 6 90 43 50 49 58 2 0 38 85 16 57 6 90 70 16 64 7 75 64 96 75 76 6 95 58 79 74 53 37 17 7 47 89 61 86 7 66 39 76 61 25 6 12 64 93 2 49 20 65 40 26 33 81 4 71 32 82 70 24 21 39 47 
29 88 81 62 32 12 70 69 87 44 4 59 79 59 60 39 78 16 51 47 76 70 13 75 58 67 31 59 97 16 18 40 48 23 98 94 85 27 55 84 35 33 18 75 95 64 75 54 87 92 12 1 99 62 95 13 17 25 27 50 44 5 48 21 60 90 82 38 12 66 75 11 58 96 80 15 35 61 35 65 46 1 22 33 96 7 80 98 57 36 95 97 53 27 96 32 43 7 35 28 
79 34 56 34 7 28 44 40 12 30 95 1 61 48 49 45 80 96 33 15 35 2 77 95 78 55 41 40 99 48 8 24 86 51 80 83 5 42 70 9 72 25 16 54 52 26 53 10 56 57 55 64 26 79 24 22 63 81 97 78 43 54 50 78 44 69 9 26 2 23 47 61 94 16 9 5 85 76 75 69 47 74 51 50 93 12 83 7 32 57 31 35 41 8 45 22 80 9 40 91 
5 51 89 25 94 36 99 53 58 26 9 80 36 5 56 41 99 55 70 80 31 37 2 72 36 39 69 99 30 7 58 34 3 3 3 26 7 1 99 64 72 94 42 0 5 43 78 37 23 34 97 60 68 67 52 47 11 23 21 74 39 6 46 49 19 3 33 89 25 36 60 54 95 36 83 50 72 53 25 9 88 51 25 63 73 58 4 15 58 53 59 26 27 65 93 52 18 31 44 9 
10 20 38 53 87 48 49 82 16 86 82 5 71 13 39 61 35 2 90 37 68 40 19 34 41 23 77 61 27 71 37 96 91 22 56 13 95 44 28 89 20 16 15 45 42 89 18 25 47 61 72 93 76 25 92 22 42 93 62 65 20 77 71 94 79 66 37 85 82 46 88 7 84 0 74 83 84 19 53 66 28 26 8 87 82 9 14 13 1 10 85 65 64 12 44 56 82 6 56 26 
62 6 41 69 21 76 38 85 35 96 17 19 85 77 51 56 48 89 25 50 24 25 24 94 74 89 37 65 56 64 88 72 29 53 40 14 61 5 19 68 34 24 30 70 36 31 54 4 72 57 37 40 17 1 99 23 73 29 21 60 86 37 56 74 16 44 82 93 9 93 81 6 39 86 33 69 46 9 13 82 14 54 51 63 80 80 5 66 15 87 58 7 14 82 93 36 74 8 2 72 
50 85 59 88 95 85 9 13 15 82 47 23 4 64 89 97 55 12 16 71 5 50 1 1 7 5 95 97 9 88 59 89 94 18 57 84 29 12 18 50 38 49 22 50 30 73 58 0 65 6 6 68 37 95 95 42 72 2 24 56 23 22 27 25 87 28 82 55 21 35 89 64 68 83 65 39 8 12 45 60 46 36 80 36 59 31 84 87 80 74 26 80 90 72 82 65 44 96 32 36 
57 41 31 10 45 25 11 10 51 74 55 32 97 19 33 0 95 35 9 79 50 40 36 40 75 9 1 43 29 6 1 64 2 70 52 90 89 21 25 75 12 21 11 65 16 81 86 76 25 43 47 7 57 60 46 40 61 78 99 36 27 63 46 38 26 88 24 18 14 60 50 94 97 26 59 62 39 29 30 55 14 62 85 84 93 64 3 65 95 51 21 79 43 36 16 56 42 16 44 12 
6 18 7 43 82 8 39 11 36 42 48 13 46 14 41 66 2 23 57 10 53 83 15 50 78 92 88 41 8 92 60 42 92 21 74 91 90 62 34 31 79 19 13 1 31 36 42 96 75 9 7 67 36 46 73 76 96 80 45 69 68 17 15 40 34 30 31 83 17 70 10 17 92 29 88 57 66 73 30 76 6 67 81 89 58 71 48 89 40 75 63 93 1 30 47 38 29 39 94 47 
96 42 74 23 93 30 13 4 91 80 54 23 28 19 28 70 6 44 32 41 53 57 72 98 68 45 69 64 86 74 9 21 18 21 47 20 90 46 71 74 29 40 99 71 0 55 80 59 87 94 68 77 6 16 15 16 18 38 95 8 2 0 49 81 61 60 10 33 6 8 6 86 63 56 29 80 74 34 99 28 26 7 59 76 11 87 77 20 66 50 94 22 15 48 76 39 98 78 16 20 
67 53 31 57 9 59 42 8 22 72 64 23 92 72 66 84 94 50 86 46 55 80 11 76 91 58 42 37 40 5 29 87 87 87 15 31 67 98 34 63 36 72 1 41 49 45 86 35 21 8 61 32 72 55 65 13 85 71 84 4 76 80 90 78 91 84 52 15 17 68 27 59 77 63 44 31 73 39 42 64 4 90 23 13 54 94 49 91 98 51 88 4 32 83 4 63 73 79 47 89 
56 37 61 59 29 73 95 38 19 70 99 24 92 64 96 10 78 92 19 79 49 65 86 3 64 88 86 31 22 76 18 18 8 27 44 4 77 11 55 96 65 8 51 13 55 52 40 64 95 19 24 5 58 0 16 51 60 38 60 57 51 68 14 19 67 53 65 90 14 1 81 5 78 56 61 44 18 20 11 91 82 30 11 48 40 25 92 68 26 11 1 35 61 99 78 53 62 98 87 60 
59 73 66 80 61 42 5 38 3 90 7 84 11 45 34 62 50 93 54 25 8 19 97 67 95 60 91 1 18 91 13 5 22 71 8 30 61 36 81 21 45 49 9 82 40 26 43 26 50 2 73 56 83 9 13 68 29 65 43 27 19 42 29 45 49 87 71 61 68 85 3 30 0 69 29 27 3 17 44 77 0 4 86 7 78 97 33 13 77 45 30 19 99 14 66 16 61 55 52 40 
95 31 28 68 40 81 12 96 58 0 42 36 34 52 38 80 80 80 88 14 13 70 62 81 80 81 13 50 50 30 81 8 62 18 43 40 24 98 28 26 99 2 19 66 14 25 4 89 63 47 77 14 38 73 57 5 15 45 96 53 11 46 27 68 58 38 6 17 41 88 69 52 1 83 33 80 10 49 57 93 38 78 0 59 16 49 7 1 75 51 96 55 37 71 97 63 98 91 37 46 
97 91 58 71 63 64 30 73 5 70 8 38 96 32 25 84 43 6 1 89 61 77 81 61 80 52 11 98 98 95 63 21 80 33 66 22 19 62 40 14 57 27 70 42 82 19 50 39 4 64 36 51 1 59 3 60 78 77 7 18 15 19 74 37 95 21 60 49 14 84 56 81 84 77 48 95 98 24 78 60 11 92 23 95 2 89 65 79 57 67 65 81 72 7 64 14 93 59 4 52 
