56 41 96 33 71 38 21 80 16 6 27 9 40 87 71 23 76 35 59 22 46 64 32 97 70 7 10 84 88 29 33 52 39 53 94 60 96 35 90 25 11 12 33 93 0 28 68 13 9 84 10 88 53 57 71 99 49 41 61 49 7 51 8 30 75 13 62 79 48 62 38 97 54 79 66 67 4 53 51 20 2 23 67 13 77 18 74 57 10 21 76 65 99 63 26 49 47 56 70 43 60 49 20 33 50 27 25 67 98 17 32 46 99 91 45 46 84 2 64 27 97 93 70 86 3 72 60 13 26 74 29 75 15 59 61 38 13 95 9 91 8 92 20 43 1 57 28 72 1 40 12 8 16 67 79 70 13 17 81 98 
36 32 25 38 49 54 22 95 52 36 22 52 92 72 73 73 53 20 82 81 58 63 59 2 13 0 17 63 59 70 91 27 60 43 46 88 77 85 43 79 22 91 31 97 85 90 54 12 31 79 37 11 45 35 36 88 80 64 16 44 63 22 65 4 65 53 59 47 9 37 96 84 64 86 47 61 45 8 51 17 0 88 39 17 93 26 56 78 69 83 82 28 35 60 14 78 5 66 77 62 53 14 56 1 73 9 54 1 69 99 60 86 65 15 30 3 43 87 1 62 1 41 30 53 42 23 52 78 16 35 81 26 18 96 3 83 20 60 50 98 9 37 42 96 55 17 26 88 68 13 16 28 38 28 65 71 54 21 41 76 
24 20 94 25 99 82 45 11 52 86 81 37 18 6 27 73 73 36 20 69 51 50 71 10 46 94 7 38 66 28 96 93 45 35 88 75 47 10 32 23 43 54 67 40 68 60 87 89 86 22 62 17 88 92 88 95 8 5 60 99 81 6 38 23 25 82 1 44 19 34 93 41 21 10 52 3 95 93 12 15 19 85 46 43 3 30 92 22 0 20 10 58 3 24 90 73 28 56 90 41 7 59 29 61 46 1 95 68 55 36 12 7 93 24 23 92 12 31 69 11 66 5 88 24 14 39 24 37 97 95 34 32 42 10 22 33 94 97 50 35 77 34 6 12 73 71 77 8 87 2 55 98 87 60 46 35 0 83 67 58 
0 99 5 77 75 11 70 95 74 73 10 71 92 29 62 65 8 73 61 35 66 12 55 83 41 66 22 73 8 14 28 30 94 60 46 41 8 5 76 46 43 8 75 6 30 35 53 83 60 50 8 94 1 16 74 90 47 98 93 4 68 35 16 42 1 94 84 60 51 52 96 92 2 3 55 39 36 43 75 56 1 95 75 98 85 27 29 81 89 96 0 46 57 44 21 84 99 95 2 54 99 89 71 22 16 63 40 55 35 19 25 38 66 93 38 46 89 74 49 25 29 17 26 90 43 62 5 58 35 43 52 44 97 61 89 6 55 80 6 92 17 23 64 68 1 54 73 32 22 22 41 70 46 26 48 33 86 97 50 22 
1 89 24 54 39 34 91 64 8 32 43 90 37 30 22 63 21 47 64 20 41 67 37 21 12 64 45 42 55 57 35 34 68 97 18 18 27 69 80 23 25 91 64 26 57 61 59 42 8 88 34 94 96 93 12 8 48 30 76 38 22 14 88 56 3 44 41 11 12 20 79 43 39 38 87 11 20 60 12 96 63 73 50 90 27 32 28 60 43 36 41 41 93 11 9 19 93 74 96 55 49 51 57 92 78 24 93 34 26 27 3 13 38 15 50 47 58 22 23 52 94 83 22 64 9 98 12 20 37 55 17 74 37 8 27 59 43 73 69 23 81 33 4 34 88 92 30 29 21 54 56 83 6 97 19 70 65 20 82 80 
61 94 27 78 19 72 80 53 5 45 81 37 37 80 35 34 39 23 55 42 27 35 24 94 22 49 28 41 32 76 4 15 70 77 7 29 41 68 0 70 37 92 36 65 67 56 32 42 39 98 16 36 9 74 52 80 93 84 77 97 72 76 55 98 95 44 73 79 29 93 80 80 12 11 93 83 89 5 20 20 65 97 11 52 71 47 13 14 28 82 48 18 12 37 88 55 94 72 92 83 67 8 10 40 16 20 59 81 26 49 66 61 49 54 21 26 41 55 22 44 85 71 76 72 1 21 99 98 26 76 93 2 95 81 74 63 29 5 69 76 86 74 29 76 62 55 52 41 74 29 99 82 80 90 71 24 99 21 32 61 
9 92 39 30 27 77 4 33 27 59 74 97 1 13 21 23 41 84 6 79 43 53 16 77 82 33 17 65 93 98 66 13 5 88 30 42 92 16 23 22 98 6 53 48 17 90 47 4 73 60 54 36 3 51 13 72 73 93 52 62 8 59 86 17 99 24 96 91 26 48 75 75 32 42 3 80 16 30 53 68 35 24 42 57 27 43 99 56 90 80 98 80 39 60 86 24 74 69 51 90 14 47 55 75 80 20 74 95 37 1 32 34 10 61 24 37 52 33 28 8 99 32 39 58 84 40 48 51 69 79 16 6 21 83 20 35 36 86 81 58 42 5 42 15 41 75 42 99 63 54 10 97 55 83 12 2 19 17 48 95 
78 22 26 61 88 26 77 47 93 62 67 59 39 28 47 98 20 26 78 30 76 59 32 39 4 53 41 37 42 9 7 3 54 70 66 15 2 18 6 40 14 31 32 93 63 69 44 53 73 57 91 83 94 20 73 30 75 13 39 1 3 95 82 5 61 41 10 51 46 25 33 33 56 40 67 13 82 12 96 54 12 45 43 96 24 24 31 76 34 43 25 19 98 53 7 35 13 53 45 39 9 1 84 45 30 71 86 12 43 92 55 95 86 55 95 1 25 91 35 48 21 98 55 8 76 15 44 23 56 37 72 43 58 2 66 56 48 45 27 77 21 46 14 96 6 95 12 56 75 54 11 50 62 8 3 17 73 65 26 53 
59 56 76 65 53 86 43 79 56 77 55 47 98 58 0 25 85 62 80 46 21 1 31 1 82 84 9 47 28 49 71 54 3 34 35 36 85 15 99 26 21 44 79 96 2 92 57 66 81 10 48 76 5 73 1 58 29 51 25 21 36 52 91 81 64 87 87 99 99 34 7 17 1 80 71 95 17 48 45 35 22 76 9 19 93 63 43 87 95 62 66 75 25 26 12 74 60 84 77 31 53 79 0 27 41 53 52 10 98 72 74 26 22 83 46 33 89 81 95 72 59 53 85 74 8 0 75 6 80 66 64 96 8 3 13 1 1 4 16 61 45 99 76 90 0 76 69 32 45 58 62 59 90 51 83 24 91 20 44 37 
95 89 7 65 29 93 77 7 57 84 32 58 60 62 58 45 9 32 30 8 48 37 16 69 92 81 68 3 99 80 71 6 58 73 93 45 67 64 15 58 94 36 20 62 8 0 60 54 61 75 65 7 7 91 9 71 18 43 33 76 11 63 9 70 34 74 52 72 58 85 64 98 50 39 19 70 38 79 76 87 82 1 56 91 92 75 78 17 40 91 12 53 35 64 37 52 40 99 79 44 58 46 87 84 48 83 65 87 68 57 62 23 9 55 61 30 40 27 70 90 57 64 46 29 22 11 28 94 38 76 92 78 65 21 20 37 20 97 66 30 57 63 8 98 99 41 98 60 8 51 19 25 90 95 34 3 46 22 50 22 
70 27 78 35 34 57 9 11 75 58 49 50 13 50 78 77 24 26 46 70 72 7 30 0 29 20 45 44 42 0 31 59 70 93 78 8 3 2 29 17 41 18 89 0 1 82 84 44 23 47 70 1 7 49 25 55 12 99 18 86 16 58 67 11 33 32 69 85 40 11 37 76 52 47 26 66 59 56 30 88 24 20 58 7 18 23 38 66 2 33 65 40 72 21 14 94 87 72 16 14 98 84 76 46 65 14 9 92 62 22 56 70 0 75 34 92 95 16 2 8 90 34 0 27 78 81 65 73 10 95 54 18 30 12 61 74 78 85 29 69 59 77 2 62 6 45 25 72 4 88 90 95 29 97 93 39 76 50 42 22 
24 29 35 57 78 2 66 84 51 35 34 61 31 45 96 62 93 62 7 72 93 25 20 81 69 94 71 10 14 58 0 65 80 11 81 94 53 3 51 42 61 12 76 75 57 12 27 41 60 3 71 60 70 99 85 85 51 91 67 13 83 92 15 40 87 37 98 74 3 5 4 12 71 39 43 7 10 49 48 30 37 28 7 54 9 27 57 24 68 45 0 27 73 89 63 72 0 15 11 38 61 98 23 53 46 22 3 58 70 1 23 35 82 71 70 65 7 63 41 63 96 15 58 85 90 88 19 27 50 35 61 38 59 57 46 90 22 36 85 48 53 16 76 14 59 74 46 13 89 51 19 18 16 16 22 6 46 58 10 97 
28 99 77 39 62 7 61 65 19 29 40 45 35 81 99 64 83 17 52 74 6 28 36 58 2 84 43 59 0 16 79 59 52 21 71 87 45 14 32 25 35 7 0 12 23 76 5 28 0 24 68 84 73 60 93 55 5 97 4 13 64 46 8 9 30 43 11 22 68 84 38 83 55 64 7 50 39 42 44 44 1 61 84 26 31 63 25 73 64 41 69 12 58 88 72 27 51 10 91 76 16 93 48 92 77 79 91 8 29 58 93 64 63 29 88 14 0 75 15 59 60 47 4 0 29 80 7 83 85 43 84 45 60 17 86 5 46 22 52 84 5 28 96 14 71 9 89 66 60 48 19 6 42 47 86 67 48 41 25 45 
58 50 38 68 73 9 80 97 36 8 73 8 30 85 61 20 89 2 66 0 5 3 83 54 42 77 14 34 9 20 0 95 73 9 91 10 68 98 12 57 4 51 43 53 42 51 72 4 5 83 33 95 10 30 82 44 95 23 85 63 36 32 26 25 44 76 24 55 25 36 49 25 69 71 15 25 70 35 16 76 37 40 70 97 99 89 77 35 46 5 0 32 44 71 35 63 24 53 91 8 11 18 4 96 83 35 67 98 43 35 52 97 59 41 62 18 42 64 64 31 58 96 29 0 62 92 45 37 58 31 98 45 90 88 48 49 76 30 83 63 20 0 32 3 63 66 89 55 59 21 7 88 40 21 36 15 65 14 91 38 
49 64 46 31 15 82 92 29 66 28 18 90 4 86 79 32 25 1 98 10 26 21 98 48 28 3 23 10 86 67 73 74 21 50 67 8 49 79 50 1 45 90 35 14 56 96 38 32 92 81 53 17 64 33 85 10 86 17 23 66 61 77 71 37 42 44 16 52 34 32 59 77 83 78 86 4 36 84 75 73 83 26 55 99 5 73 68 64 30 32 50 46 61 32 0 77 33 11 8 10 0 4 87 77 78 19 53 20 16 41 42 71 78 10 54 11 89 4 70 82 80 96 25 16 29 42 63 92 88 50 30 39 88 42 78 13 97 39 41 6 26 32 56 18 66 33 18 85 69 42 53 68 31 70 54 6 73 2 78 84 
66 59 80 80 98 45 5 35 0 3 68 49 84 30 99 78 89 83 17 50 58 61 9 23 67 72 40 92 77 52 4 23 51 40 5 92 95 53 31 64 10 69 82 21 63 60 90 46 79 39 44 80 43 64 0 96 68 55 3 96 82 70 96 62 11 44 29 2 20 5 61 28 38 93 24 1 83 90 98 73 66 58 24 39 26 59 44 13 86 86 48 3 50 41 57 0 7 25 66 89 16 55 20 51 37 51 6 49 54 16 88 91 44 9 85 39 8 82 72 56 47 92 82 25 50 53 27 1 21 67 23 66 92 67 9 96 31 76 58 15 60 94 3 94 14 42 11 32 91 0 8 75 32 0 53 40 0 77 46 94 
44 69 26 24 21 56 67 48 50 94 15 7 1 58 16 20 56 76 17 39 55 86 58 33 4 92 15 33 8 8 5 24 8 92 40 3 87 54 24 14 79 85 93 71 98 68 63 23 4 86 22 84 91 0 76 91 23 75 7 46 45 10 19 99 63 99 88 5 72 11 40 21 61 85 39 68 44 58 2 0 34 32 56 40 26 50 41 2 60 83 19 85 25 25 98 41 60 59 74 0 88 88 37 96 25 23 37 92 31 97 87 42 76 0 63 92 80 49 97 73 88 6 89 15 77 31 0 78 58 97 3 53 60 82 18 18 92 44 43 65 77 39 4 52 4 69 71 61 51 13 87 2 79 45 73 2 58 43 13 89 
92 77 14 7 82 75 42 41 62 11 14 6 29 44 72 65 71 8 87 56 36 6 25 73 82 82 8 36 57 19 16 59 88 23 28 58 52 0 15 98 63 91 97 86 73 54 41 26 29 9 57 32 3 61 71 90 6 49 80 68 19 87 33 71 46 76 14 69 32 52 90 82 78 15 91 37 99 37 64 89 93 15 80 52 67 67 52 47 91 30 77 80 86 50 13 50 56 36 69 13 86 64 96 7 50 22 80 9 48 51 59 96 69 66 26 7 32 70 34 9 91 54 79 55 77 74 48 9 21 94 55 43 8 4 43 76 80 18 76 82 69 31 14 87 3 2 72 79 43 21 21 62 27 88 16 51 21 44 58 45 
86 17 78 12 15 14 27 88 18 55 31 7 94 75 73 79 24 1 69 12 78 25 62 74 11 83 40 87 93 63 76 74 52 13 57 92 77 9 94 24 42 70 52 19 29 78 54 45 93 30 40 27 16 2 65 59 32 77 47 21 51 36 33 73 92 69 13 69 84 49 57 71 37 4 52 76 56 30 92 74 40 61 31 49 2 14 88 61 72 13 81 61 94 40 94 18 60 66 16 76 60 69 78 73 81 72 18 74 80 96 82 62 93 10 82 37 8 58 83 20 48 43 50 46 80 78 75 49 52 79 70 32 11 60 54 33 28 85 57 90 63 28 87 0 94 25 80 74 2 81 41 75 58 81 47 83 64 10 68 69 
50 31 44 50 58 68 17 77 86 0 60 81 27 84 9 46 85 69 12 24 96 97 60 65 18 53 64 90 64 86 65 19 63 4 86 16 38 26 51 9 48 95 41 95 9 32 20 57 19 31 10 97 11 30 6 22 61 22 63 89 66 61 15 73 68 80 77 34 94 43 13 76 33 56 60 82 84 78 97 34 58 16 22 42 94 87 71 55 17 72 25 19 40 50 20 86 8 25 44 65 98 47 40 68 25 56 46 94 12 20 2 15 41 46 55 39 24 95 59 47 60 9 86 37 79 64 95 25 48 10 83 53 18 20 67 87 40 84 83 12 97 73 36 66 33 91 6 43 16 21 99 74 70 21 40 45 99 20 48 12 
49 60 8 64 29 90 71 63 50 4 96 86 87 59 99 47 29 92 44 82 12 13 24 24 58 93 55 22 41 15 35 36 74 20 72 40 79 3 75 51 47 45 27 73 33 74 95 77 98 94 2 21 11 78 8 34 18 69 69 23 66 97 37 26 94 54 84 68 60 64 74 46 42 61 36 51 77 63 86 70 55 39 66 3 37 25 16 64 1 82 80 62 7 61 78 55 89 63 47 62 71 15 78 97 74 46 23 43 45 61 34 25 0 62 66 16 68 8 42 6 28 65 73 13 18 85 3 99 65 89 34 34 15 80 2 91 87 26 82 87 23 50 14 56 12 33 43 51 88 42 36 10 3 20 56 77 34 62 21 83 
98 20 41 96 50 81 78 88 71 83 49 53 1 34 5 46 59 87 79 63 8 75 63 79 73 60 65 56 1 46 48 80 82 97 74 37 48 72 0 4 0 4 89 87 28 54 76 67 44 13 75 63 63 58 12 4 9 46 64 93 50 61 96 2 2 96 52 19 83 85 6 65 52 2 76 6 63 12 70 47 1 42 89 12 31 6 66 97 61 49 9 49 61 3 31 74 89 22 92 70 80 46 46 28 34 37 76 26 97 45 81 82 52 97 11 34 85 3 38 5 27 87 70 56 20 79 66 42 25 91 74 56 55 69 76 74 73 36 58 98 2 11 21 60 96 87 47 31 28 85 70 3 16 18 64 98 15 57 74 99 
27 43 92 67 47 70 3 12 8 87 4 19 79 1 67 68 56 55 14 38 22 85 53 48 6 59 17 18 87 17 94 10 80 56 80 4 11 53 48 72 81 44 74 91 25 84 61 16 35 86 34 20 44 84 70 13 99 61 94 70 16 9 10 21 58 43 66 50 66 84 40 65 58 25 46 22 23 49 53 33 72 26 42 21 79 37 37 23 81 47 99 29 17 16 63 63 92 98 3 24 15 96 3 51 24 65 63 33 76 19 16 77 99 56 92 81 0 64 88 74 14 54 40 46 6 27 15 30 7 19 95 30 26 1 28 83 72 65 78 43 59 38 33 34 53 76 85 41 2 3 6 72 5 52 9 85 80 14 6 48 
51 79 61 7 98 42 74 49 25 85 34 7 85 48 32 74 31 3 99 0 85 99 17 2 9 81 60 16 17 48 79 29 55 68 72 36 13 78 28 88 63 23 14 45 15 49 83 87 94 91 42 25 3 79 61 65 7 7 28 92 52 65 34 51 30 92 33 42 34 99 88 94 44 91 27 80 3 17 21 85 40 38 45 24 17 94 55 50 49 40 76 56 44 37 12 20 33 33 20 50 76 10 91 74 49 4 13 7 60 5 83 6 19 82 21 70 14 96 19 97 3 14 45 56 62 40 36 11 31 96 47 23 23 72 2 56 36 67 18 24 44 56 53 46 76 79 50 64 93 0 92 59 13 35 17 77 6 58 99 32 
44 1 91 25 82 42 47 44 54 23 34 34 20 28 59 65 49 40 86 5 64 73 71 99 88 30 5 76 82 49 10 24 34 61 36 20 27 8 33 69 85 87 5 90 50 48 95 60 11 4 14 39 77 49 61 60 19 60 14 69 78 53 8 61 58 48 99 56 65 34 70 59 23 25 74 67 92 67 47 68 81 24 76 38 0 35 72 87 41 67 48 37 97 75 69 35 98 6 73 71 92 38 22 86 54 6 9 59 8 56 99 30 77 83 46 17 76 3 64 71 42 84 21 22 96 43 51 95 83 40 76 96 74 32 49 43 69 90 44 40 53 71 76 26 2 97 59 96 16 93 33 19 9 24 81 73 77 65 15 52 
75 79 36 68 48 15 9 40 87 65 97 61 38 53 13 25 39 78 73 69 14 95 49 90 55 35 46 93 24 89 12 51 44 58 28 55 40 63 42 50 72 39 24 12 84 13 86 41 39 3 22 14 11 94 16 84 59 72 12 46 19 47 36 94 6 10 82 83 62 48 39 29 43 81 49 94 71 32 28 18 60 36 67 38 64 96 23 43 57 47 16 63 35 70 17 48 35 77 25 99 32 53 96 52 17 7 26 61 91 67 9 38 89 8 68 36 98 14 48 8 17 44 98 30 56 33 61 16 88 66 70 40 64 91 41 41 21 93 82 97 85 60 81 59 99 77 63 18 50 14 15 76 12 10 86 98 75 73 52 87 
51 61 84 53 50 58 0 12 8 63 91 46 35 97 78 6 0 14 98 64 17 49 63 92 15 70 19 10 76 60 53 82 62 7 27 71 33 80 33 21 61 0 73 49 43 49 79 5 52 61 57 68 57 44 30 25 88 65 33 76 53 72 96 73 16 43 62 44 90 75 1 86 30 54 6 30 19 92 98 71 16 26 10 51 25 86 20 17 87 89 91 52 84 43 26 38 0 15 14 3 58 69 41 27 21 75 95 52 89 94 29 12 63 96 97 91 29 3 61 36 87 25 71 24 32 39 43 79 85 16 72 68 53 69 59 98 75 75 53 37 93 23 1 76 35 76 66 89 79 80 76 87 92 61 74 38 87 91 13 50 
67 64 34 23 16 19 24 4 76 54 33 35 53 99 77 43 25 24 39 58 37 73 74 1 77 87 27 76 57 50 10 40 67 88 35 95 88 63 9 12 48 56 65 17 7 63 0 81 46 49 72 25 50 22 71 72 69 17 85 49 35 61 46 11 89 26 64 13 56 36 67 88 12 68 34 3 80 75 84 94 39 14 24 6 6 45 19 22 67 44 23 99 70 38 46 3 4 86 73 76 41 80 57 66 12 79 97 97 2 2 94 52 30 60 51 58 49 4 39 85 91 43 35 14 86 6 76 59 62 78 25 65 0 76 58 58 26 95 66 46 35 81 10 62 46 61 18 29 63 22 52 67 36 55 71 48 72 10 23 23 
25 16 34 79 28 20 49 9 52 68 95 68 99 17 17 51 10 97 20 32 42 63 27 19 61 33 82 12 2 41 52 86 37 39 76 36 46 53 79 98 53 44 70 44 37 54 6 68 3 70 41 54 62 24 10 89 2 37 66 96 57 76 79 23 45 52 86 56 82 22 27 16 77 93 89 28 15 30 18 22 65 4 76 97 13 30 39 40 84 34 54 25 95 93 70 78 66 19 31 61 11 60 16 45 64 1 38 38 63 36 91 23 64 91 63 41 61 14 84 36 38 14 72 4 72 33 17 0 11 48 97 96 84 3 6 69 34 63 3 85 98 1 18 84 29 7 38 47 54 80 13 69 25 27 80 39 59 8 21 96 
65 67 0 40 85 68 37 31 34 83 47 86 1 8 62 62 34 0 26 25 92 43 1 50 69 7 32 52 50 68 27 4 89 41 59 81 55 3 20 58 80 13 84 66 49 70 8 18 6 45 50 5 58 60 44 98 32 5 96 23 29 77 60 91 29 27 90 26 85 57 81 37 86 39 5 14 45 36 51 93 83 10 43 80 16 87 69 12 74 67 17 41 1 63 17 50 78 13 46 89 45 80 13 45 30 90 78 93 42 41 1 96 31 28 39 37 85 53 37 59 37 94 51 48 92 45 7 5 60 3 27 8 3 0 57 54 0 76 89 44 50 52 77 11 45 27 46 71 7 21 90 3 21 61 56 9 4 64 37 29 
91 10 15 99 68 30 68 99 32 88 66 7 87 1 43 69 96 99 80 91 53 81 91 54 48 72 47 60 11 81 40 32 97 57 8 21 81 54 91 66 55 27 7 0 25 23 41 84 44 28 98 77 87 11 34 90 14 7 89 39 3 23 46 99 1 45 36 67 11 49 16 45 43 16 19 71 90 6 68 9 97 66 70 37 77 36 28 39 79 25 34 4 33 34 75 36 74 33 20 75 0 89 85 23 72 91 75 54 48 34 41 65 85 33 51 1 84 66 74 71 24 32 66 25 1 74 12 39 39 28 30 99 0 96 60 98 7 80 63 1 60 73 97 77 27 73 6 35 22 16 98 79 69 56 66 38 90 46 5 26 
67 62 46 48 50 93 88 30 37 28 44 52 9 88 11 17 47 33 34 58 93 22 20 66 27 76 45 36 36 77 46 43 39 41 2 68 82 31 51 74 63 39 46 32 10 65 98 24 19 35 69 77 88 62 68 20 76 74 40 40 67 74 88 13 40 51 93 91 33 44 73 41 67 57 11 14 51 11 5 64 64 21 89 49 62 31 83 86 16 46 17 42 73 78 78 73 26 67 13 66 27 60 62 86 91 56 82 82 80 10 79 95 55 48 73 55 58 6 55 82 8 88 2 36 73 2 57 60 67 51 45 14 77 83 29 55 41 15 67 62 52 11 73 53 60 96 46 83 65 96 0 66 11 36 46 49 44 99 54 32 
50 73 26 80 29 24 39 44 30 79 45 15 78 83 98 96 53 31 96 94 93 80 26 45 1 33 37 85 89 18 64 53 78 20 13 35 20 26 68 55 13 36 68 24 34 36 22 27 66 14 35 7 86 79 94 53 53 95 41 85 68 99 80 34 3 2 34 49 46 9 93 63 50 96 82 74 79 13 74 96 18 4 93 99 63 21 38 22 70 3 44 43 22 95 49 14 46 39 52 59 66 57 12 73 95 4 63 86 9 85 46 31 86 82 74 66 1 72 16 32 4 43 22 57 23 17 63 0 36 96 60 29 92 56 85 12 4 85 83 77 62 12 10 71 30 17 0 91 65 8 99 69 75 70 6 67 82 56 48 73 
76 58 34 63 35 54 67 15 49 10 44 99 75 51 32 46 43 0 40 23 38 30 72 6 51 99 45 78 77 26 1 82 55 36 5 37 83 94 36 57 75 65 45 9 95 23 29 23 24 92 54 99 30 10 18 43 14 37 19 4 69 22 6 45 60 62 79 89 16 55 27 46 67 33 35 87 26 99 10 99 23 27 29 64 89 44 27 75 76 80 1 21 55 76 1 43 60 32 61 84 45 10 6 57 79 72 72 85 36 68 27 57 60 39 39 56 93 68 23 60 36 92 44 62 19 51 9 30 33 55 5 54 37 12 39 56 35 48 30 20 30 59 56 10 13 22 19 26 95 8 34 55 46 40 69 53 7 71 47 9 
1 22 54 50 96 38 27 99 36 97 37 18 27 96 87 44 9 15 21 60 12 21 24 83 67 94 24 52 57 6 96 69 57 34 63 81 41 51 36 26 21 40 5 74 66 79 45 34 23 48 67 71 33 15 14 61 84 43 49 23 11 3 38 4 7 49 76 85 14 79 75 35 6 33 84 67 26 20 12 27 3 24 29 58 28 14 93 13 65 89 37 81 39 82 36 26 82 55 5 63 63 7 87 51 15 28 21 90 92 57 87 42 38 87 79 40 47 44 82 7 55 70 50 33 15 61 98 87 51 77 34 18 25 92 99 67 75 77 8 94 27 62 19 17 90 36 85 60 17 23 48 51 82 59 65 61 90 25 44 51 
97 26 4 19 49 83 80 94 43 21 63 41 13 64 77 10 13 16 9 70 96 55 21 78 43 72 9 20 23 55 94 18 41 84 6 99 52 25 84 3 4 62 5 13 98 11 84 2 29 43 73 86 14 16 41 5 66 3 0 59 5 32 19 33 86 77 97 19 9 72 62 59 56 2 6 41 32 8 18 91 21 9 54 43 36 94 23 43 64 77 10 87 34 80 20 38 24 3 68 61 30 22 19 67 37 78 55 69 87 86 99 21 70 27 89 77 77 11 71 82 27 86 92 50 83 41 35 94 72 30 11 20 13 70 88 66 18 12 73 82 7 45 15 36 17 25 98 71 19 46 71 48 92 91 7 95 63 72 88 39 
89 29 37 12 87 92 99 17 54 96 34 37 85 62 19 30 12 37 26 58 1 44 22 12 22 67 38 69 92 29 31 86 27 88 40 82 56 98 20 38 59 79 84 33 52 39 1 21 11 98 12 85 77 28 25 53 17 4 33 3 62 9 57 33 30 67 60 53 1 20 14 46 58 30 3 87 31 22 59 58 74 57 0 75 75 73 0 88 52 8 99 49 85 81 39 39 68 23 49 34 48 6 45 64 69 94 5 81 31 23 83 57 71 83 23 12 14 92 46 14 48 38 70 66 40 27 99 61 47 85 26 3 2 82 48 28 31 3 3 68 98 82 34 89 30 39 85 59 20 82 29 90 21 38 10 49 80 87 80 45 
66 15 46 93 29 58 81 38 94 87 48 23 62 84 17 79 37 79 80 78 61 78 32 9 23 56 86 15 13 97 90 25 55 40 12 20 20 2 5 1 44 94 62 54 66 22 94 59 88 13 29 45 44 22 98 25 56 41 20 55 12 49 65 54 67 40 99 92 90 38 43 78 44 4 27 93 42 60 54 27 44 84 61 74 81 18 17 15 88 61 98 42 61 93 73 54 71 75 75 8 41 90 73 6 53 11 37 25 30 2 0 99 47 94 28 66 13 69 53 98 52 12 7 14 13 11 97 5 15 89 93 0 35 64 97 43 11 33 77 15 53 36 88 53 77 37 25 80 16 38 83 97 46 89 49 9 71 14 95 37 
7 92 30 26 33 82 81 34 2 18 84 64 92 29 47 72 96 9 15 69 91 56 38 40 47 2 83 57 5 57 94 32 62 30 44 47 45 38 33 67 17 55 18 29 75 54 38 10 2 46 30 31 92 83 28 33 2 35 28 65 94 34 87 47 58 4 91 52 60 87 71 85 43 19 53 24 54 89 96 66 62 18 58 94 76 82 31 56 8 62 27 38 47 5 10 9 45 38 16 16 95 35 97 95 77 83 10 99 56 69 20 96 18 53 43 91 21 76 62 97 76 13 34 68 79 96 37 72 1 79 54 27 61 51 41 36 95 38 15 84 67 68 72 35 96 97 7 62 48 68 78 25 40 98 51 84 88 2 20 15 
18 16 93 53 4 52 68 24 91 16 48 98 68 73 30 9 30 58 50 42 89 2 22 15 32 20 90 60 19 32 53 87 52 99 80 5 64 68 42 33 65 30 2 61 27 74 36 95 51 46 13 73 84 52 49 5 89 38 41 92 7 58 20 73 13 48 25 87 29 19 87 43 75 52 52 24 36 42 91 26 50 34 73 33 75 85 2 59 84 98 78 53 98 8 90 52 99 32 40 29 70 1 61 98 57 91 45 36 33 12 93 65 51 4 57 46 88 61 35 73 3 60 13 73 91 62 12 54 9 29 20 53 73 65 99 68 3 17 77 16 90 55 14 29 78 41 11 83 11 96 62 89 33 66 12 29 59 89 9 22 
72 61 93 96 47 88 60 85 82 54 54 34 87 33 61 70 10 89 4 47 11 76 51 48 86 96 15 4 21 42 64 75 17 24 69 27 27 43 13 48 62 63 11 85 26 64 47 4 21 5 66 49 94 17 99 32 62 81 96 83 25 5 28 32 54 86 77 4 75 0 51 23 21 76 33 69 7 39 61 10 7 74 15 27 79 38 36 15 27 95 57 50 79 8 31 47 59 10 92 31 67 80 73 41 64 82 28 94 15 80 38 94 44 76 51 86 45 97 0 78 21 11 68 77 22 80 15 94 98 96 68 38 18 4 48 2 52 98 94 51 80 58 83 18 88 47 39 69 53 85 77 7 80 18 2 24 67 33 76 14 
69 50 70 98 45 85 87 16 19 59 41 84 1 41 91 90 9 58 85 24 65 72 44 72 20 28 6 78 95 17 85 24 38 80 34 52 29 31 30 54 97 27 85 88 88 23 47 27 6 20 87 68 2 86 86 25 93 80 0 18 78 81 92 12 94 61 73 72 20 88 3 95 20 38 57 29 92 30 88 90 23 43 21 91 48 13 10 61 59 68 82 60 0 41 89 75 13 88 77 74 57 59 99 58 11 44 82 10 25 98 41 94 25 29 5 67 40 6 21 95 82 94 5 38 25 23 0 24 43 65 55 99 16 66 71 17 38 42 16 18 61 19 24 59 12 14 65 35 27 84 59 84 69 95 6 50 67 3 86 66 
96 78 25 53 44 49 6 56 81 43 13 22 56 37 85 67 35 65 38 15 65 37 91 88 60 43 28 82 23 90 78 52 31 86 21 21 48 86 14 18 13 49 30 63 38 32 29 27 32 71 34 11 23 33 80 13 91 70 99 20 33 55 43 43 14 43 70 68 98 9 34 61 73 74 57 7 95 13 89 1 67 63 54 93 47 89 23 1 12 98 28 41 24 25 19 23 73 50 70 46 31 92 15 66 80 76 22 0 13 55 16 85 30 94 21 56 52 34 58 83 94 51 47 0 82 98 82 48 17 91 68 68 91 95 25 62 81 37 50 27 94 63 65 40 46 92 96 38 24 88 89 74 13 18 52 80 6 91 98 71 
79 7 22 41 59 38 81 22 91 98 66 0 88 77 63 21 68 72 28 24 8 48 84 75 71 72 49 38 52 84 71 1 53 78 22 90 44 29 0 71 48 96 52 66 82 62 46 55 18 69 21 54 24 80 20 74 12 79 44 70 80 43 46 98 38 84 29 10 66 24 54 0 81 61 19 20 5 57 56 93 37 45 73 89 5 91 99 67 91 35 38 78 35 16 36 15 91 26 47 90 41 33 63 18 3 44 79 60 91 76 99 49 35 71 85 8 40 90 3 17 0 87 81 49 25 13 9 17 15 80 29 65 63 25 15 63 2 39 70 12 81 22 37 50 38 31 34 27 66 66 23 27 40 32 29 37 26 89 71 45 
79 14 41 93 92 88 21 71 67 99 78 95 9 90 59 37 58 58 19 25 56 16 48 46 73 43 75 59 47 47 57 21 62 20 66 70 4 63 56 21 95 97 22 87 9 4 37 30 79 90 25 45 38 52 49 55 50 82 37 86 59 24 53 27 50 63 70 39 18 57 24 39 6 55 15 65 10 86 37 72 0 1 5 63 7 34 82 76 19 28 73 25 36 3 67 8 62 14 13 63 18 4 34 95 7 57 13 68 9 99 63 99 30 83 82 64 66 43 46 92 5 1 21 34 59 58 76 36 84 27 87 18 48 39 92 88 65 19 92 27 83 82 3 30 81 77 43 42 33 81 15 37 89 46 72 28 1 41 1 59 
36 60 38 90 85 83 47 62 38 5 64 78 38 39 40 64 28 84 72 6 78 96 96 34 50 50 38 3 22 9 73 71 40 8 34 40 78 11 21 25 8 78 25 84 3 63 17 80 27 57 46 53 60 11 3 11 46 20 77 97 6 66 3 37 65 77 48 43 59 30 19 80 53 59 88 11 90 31 48 39 18 83 63 13 73 26 72 1 82 32 43 14 30 51 0 13 27 28 23 11 75 70 46 66 88 39 99 84 80 96 19 18 75 6 8 15 22 18 57 9 30 24 79 43 22 12 59 66 37 81 71 24 31 67 8 3 87 89 17 31 50 23 2 20 43 11 22 13 11 3 72 45 17 85 13 9 9 18 68 22 
57 64 37 45 1 29 64 15 1 26 65 78 72 39 4 31 72 11 50 15 56 54 84 61 23 51 27 88 50 46 69 59 10 48 82 27 33 70 28 48 13 24 64 57 77 58 18 93 73 43 25 20 87 87 19 31 78 17 46 4 6 2 5 2 47 90 20 35 22 7 7 46 85 37 27 38 37 56 73 2 31 89 41 54 98 99 89 48 51 74 28 3 63 14 58 91 25 94 99 69 96 73 67 23 32 17 93 78 82 16 10 78 21 19 75 41 93 90 62 89 77 47 18 68 37 98 68 22 73 35 22 98 5 6 84 50 38 34 1 48 71 36 42 92 85 94 89 30 97 49 36 99 24 67 6 56 8 34 8 31 
74 71 62 88 26 97 31 56 67 45 67 10 53 61 25 48 14 37 81 54 70 45 59 38 68 1 36 9 73 50 47 65 61 3 82 43 17 90 22 97 80 49 26 49 79 52 38 3 32 70 68 5 30 17 71 93 95 18 98 91 38 43 81 56 95 2 95 37 11 17 97 88 24 74 34 4 60 90 94 26 18 84 91 97 0 1 49 50 71 12 8 39 71 14 1 54 46 52 33 73 49 44 83 46 44 35 87 42 35 12 79 57 3 83 46 56 87 36 45 3 33 16 7 17 61 85 97 5 5 19 15 35 38 0 53 77 20 63 61 41 61 11 4 25 59 18 84 28 76 69 72 91 46 39 51 62 98 59 77 52 
6 1 2 42 42 45 54 74 66 69 98 91 78 38 93 13 94 41 21 48 77 50 33 75 18 14 94 42 13 73 67 97 4 39 92 83 68 92 26 65 42 90 50 40 2 43 13 20 64 79 87 56 94 78 26 62 32 99 23 27 83 71 35 52 98 12 67 12 87 81 80 72 64 35 99 62 81 66 79 21 53 2 88 93 36 41 29 12 99 79 71 47 8 56 98 41 52 38 74 11 0 31 2 82 30 28 4 76 33 29 58 21 45 83 52 96 44 81 85 26 91 62 69 89 18 22 65 73 12 17 13 78 99 93 95 41 49 78 62 15 67 33 41 81 37 53 29 76 84 76 47 23 24 25 86 70 79 52 23 72 
14 41 12 77 0 13 16 71 1 1 82 55 82 15 0 29 51 50 40 37 89 60 0 78 55 88 13 45 7 47 48 10 25 53 61 78 42 13 91 46 39 6 85 67 33 52 48 24 4 26 73 66 98 91 34 27 0 11 85 74 32 4 31 32 8 6 83 40 62 4 32 17 56 58 39 95 49 65 91 9 36 37 91 9 8 82 12 19 38 5 3 90 28 84 41 59 61 47 86 21 90 46 96 83 97 43 95 4 37 41 74 84 73 86 64 47 62 28 19 59 0 11 37 6 67 28 36 58 87 20 45 61 32 2 46 49 42 7 4 99 48 59 41 30 7 78 74 43 54 14 95 73 25 10 18 50 12 67 10 49 
28 45 27 7 20 80 64 35 35 71 70 35 36 86 85 89 46 83 41 27 72 5 79 12 32 59 20 11 87 47 46 29 77 54 84 60 26 86 39 80 81 91 76 13 60 4 47 50 95 48 85 94 13 14 45 60 17 38 52 33 67 51 20 76 83 97 96 90 4 95 52 53 51 74 11 80 4 5 52 92 28 43 56 24 66 43 97 69 54 35 52 68 55 2 5 77 19 85 70 36 79 11 53 31 21 53 58 64 26 11 6 18 76 64 66 32 43 4 7 81 8 6 71 22 48 23 9 20 60 91 20 55 67 56 2 46 11 7 83 39 14 66 0 59 21 33 32 37 33 30 96 51 77 21 14 51 26 35 49 61 
57 32 22 65 21 10 87 65 26 37 26 97 7 77 77 33 48 87 82 81 26 29 79 80 41 6 31 31 54 13 18 98 47 45 20 14 21 2 97 79 94 11 26 19 9 27 11 85 77 64 12 80 39 53 66 27 90 35 74 60 26 14 76 62 29 83 8 77 18 31 81 88 87 3 89 23 10 49 34 75 30 63 71 16 48 67 25 29 29 30 27 37 12 46 7 66 43 34 33 77 28 63 80 55 90 95 25 37 78 81 35 66 59 73 40 43 1 98 10 62 63 40 90 5 22 2 1 79 42 32 36 82 83 40 89 55 60 92 89 98 30 0 80 70 76 61 30 88 76 34 63 95 0 57 73 98 88 38 3 14 
8 19 98 16 23 3 64 99 57 38 2 62 41 70 89 2 64 24 96 94 49 85 56 54 17 94 0 5 96 60 66 46 99 34 14 33 46 86 42 79 51 7 28 73 37 8 97 82 81 48 25 6 48 80 63 32 35 80 79 24 42 91 49 48 69 58 48 36 62 6 14 86 59 99 43 11 89 41 11 12 55 81 93 38 48 30 44 25 19 87 73 74 15 89 47 59 36 24 22 6 93 98 49 10 33 24 84 63 24 64 25 69 47 52 86 88 59 50 84 32 27 1 5 90 10 50 32 19 76 57 2 3 39 43 99 91 52 82 70 14 98 98 38 65 31 93 46 64 59 49 30 72 2 73 27 81 58 57 52 79 
8 90 23 34 35 88 20 77 51 59 99 14 56 71 24 23 9 13 29 89 69 36 89 35 40 75 19 39 80 76 91 24 71 73 83 75 30 47 99 15 12 5 19 45 57 12 87 53 95 18 88 94 34 5 3 32 1 2 75 15 59 75 28 73 6 67 67 5 5 58 59 59 40 16 22 16 17 16 99 80 43 17 15 76 10 29 29 14 15 54 74 55 93 16 17 48 28 56 98 38 20 68 52 45 14 38 82 15 46 83 72 74 84 46 7 97 71 64 99 38 62 4 1 9 3 87 42 92 99 61 76 43 45 34 92 45 18 35 85 72 73 35 32 64 60 24 78 8 48 2 74 98 13 34 88 74 52 2 7 78 
10 29 8 9 64 52 59 10 99 37 16 82 68 58 15 57 21 16 40 12 58 15 65 93 89 27 14 44 47 95 58 46 72 86 60 13 41 46 7 43 47 99 65 57 64 47 80 96 14 90 82 61 79 79 4 63 15 85 43 23 78 79 61 82 27 97 95 46 30 45 66 56 65 58 20 58 43 8 8 45 94 61 3 78 70 60 72 25 36 51 98 5 79 30 30 98 7 84 87 95 95 46 6 41 19 36 27 96 12 14 73 98 44 14 47 33 64 66 89 10 88 22 97 86 97 93 28 16 80 8 63 11 49 28 46 24 25 58 25 50 73 87 51 8 6 74 2 0 18 47 54 43 35 59 66 13 53 76 80 34 
23 84 13 75 19 78 36 34 99 50 72 89 18 92 98 74 60 74 9 11 13 59 61 18 78 21 54 53 58 70 3 98 95 76 20 6 31 52 86 12 80 9 7 6 29 47 74 16 51 87 29 52 56 89 56 4 77 43 91 35 20 7 37 59 4 49 46 92 48 30 55 30 57 80 33 42 3 80 13 86 53 61 99 61 48 64 63 12 17 84 66 19 94 22 77 88 93 68 45 75 86 85 86 42 76 95 84 81 92 55 70 41 15 74 71 85 8 35 28 13 92 12 57 4 70 45 55 96 22 59 56 3 22 90 44 93 98 13 12 30 58 92 85 9 14 74 20 55 0 93 72 75 73 97 0 18 65 53 78 79 
55 72 75 42 11 5 26 86 9 0 60 55 64 90 93 16 23 35 95 86 30 17 10 22 80 3 80 43 34 50 3 60 60 51 69 74 37 43 32 14 67 0 71 92 49 23 9 19 99 30 27 79 47 31 88 28 45 40 45 32 63 8 5 9 43 82 71 72 22 71 60 10 48 62 55 56 99 75 6 7 56 46 39 49 50 25 55 80 77 82 58 66 79 73 20 43 44 86 19 73 67 61 24 75 63 50 2 65 36 47 99 45 25 44 55 54 85 50 18 62 5 35 24 62 44 95 31 62 97 56 53 46 57 9 22 51 81 80 64 44 63 3 64 48 0 15 3 54 16 18 55 56 13 61 12 94 37 86 1 78 
75 48 14 26 17 6 87 52 22 90 5 80 81 33 34 67 4 34 93 34 83 12 23 67 41 13 80 48 69 35 42 6 0 97 78 90 68 44 10 51 62 64 6 58 98 24 92 72 21 12 83 53 96 2 50 8 85 27 28 21 90 80 85 87 22 84 15 41 13 8 58 41 68 42 46 82 47 72 72 15 54 90 80 29 78 85 38 60 77 58 88 65 12 92 44 31 99 36 63 50 85 16 47 67 29 52 88 68 31 85 42 39 31 62 79 60 58 49 54 49 35 24 1 0 69 99 83 12 97 98 29 46 63 10 1 35 94 31 79 23 24 23 26 69 29 71 71 32 74 75 0 61 82 89 51 37 98 45 46 69 
10 7 65 54 15 24 57 8 80 37 42 78 3 26 79 39 48 23 33 43 57 55 20 24 71 59 41 90 56 81 29 72 61 23 84 75 31 70 88 90 21 2 29 51 71 52 82 40 77 19 72 28 67 70 82 64 58 81 82 20 19 60 86 61 4 29 38 4 83 6 58 33 67 89 44 84 77 24 35 34 31 26 21 10 8 99 34 69 37 56 94 40 87 41 41 7 26 30 21 67 98 33 3 53 24 6 59 62 21 15 98 28 19 26 47 83 66 98 91 58 6 56 57 14 9 2 71 46 63 85 63 2 58 34 82 0 33 10 87 30 37 90 17 7 22 77 18 29 71 30 87 24 15 87 76 38 8 64 68 67 
19 74 55 49 15 14 46 60 14 45 15 73 31 19 78 83 28 50 14 24 2 53 94 74 75 60 9 23 7 74 11 53 76 26 5 65 78 64 30 10 22 66 59 11 78 94 18 8 10 3 44 23 50 79 96 70 31 35 46 72 82 2 71 65 16 33 54 20 99 9 3 84 2 66 97 90 65 91 58 63 5 34 49 28 28 96 15 32 98 58 7 18 43 53 42 14 19 94 88 1 36 38 61 30 60 51 13 49 58 62 79 78 37 39 40 94 72 30 7 71 89 69 87 1 55 45 52 51 38 31 87 38 83 85 69 70 76 91 20 78 89 91 12 29 21 29 23 94 39 12 29 98 51 83 82 65 95 57 59 58 
60 27 99 53 63 43 9 62 51 36 97 5 8 40 46 61 60 67 34 55 66 15 43 31 68 98 40 78 19 36 64 44 47 22 91 2 75 96 90 37 13 49 10 2 98 12 19 30 66 49 10 39 46 74 61 86 60 14 3 78 63 9 0 42 20 20 49 83 33 10 15 69 84 5 48 86 8 54 38 41 90 84 72 25 27 11 40 16 85 23 67 82 91 33 95 93 58 2 49 10 36 57 92 67 15 12 36 7 89 19 13 67 2 27 31 59 81 36 46 91 68 49 98 25 92 47 85 75 23 46 78 98 59 6 54 95 98 28 67 41 45 21 68 71 25 62 37 83 75 32 4 45 4 83 29 63 1 25 26 13 
99 78 73 42 85 14 41 52 10 95 64 70 49 9 48 74 57 22 94 64 77 67 67 23 60 26 98 43 43 37 47 94 78 68 79 15 37 32 63 48 47 77 21 6 65 4 22 47 33 86 98 29 88 82 37 96 22 17 40 90 59 90 90 43 72 57 58 62 2 39 11 14 45 69 21 13 92 38 40 2 53 4 79 67 75 3 65 12 26 67 61 44 14 71 11 7 85 60 77 69 46 81 41 7 85 87 61 48 2 68 41 77 46 97 25 37 4 20 37 56 48 68 93 88 59 10 57 62 27 84 77 43 82 37 95 34 17 70 67 33 60 38 35 80 26 35 24 34 65 8 1 58 8 30 85 39 14 10 19 36 
98 35 34 50 63 9 54 77 29 4 43 15 51 91 26 22 57 40 26 25 38 24 81 86 75 23 74 24 50 75 49 75 31 24 26 66 87 73 41 11 96 77 29 33 23 33 95 4 70 48 95 94 71 76 10 23 50 92 25 24 57 44 34 52 80 9 73 84 77 35 87 79 48 8 12 50 70 90 91 83 70 48 94 55 33 33 31 3 0 66 35 1 30 94 57 97 77 58 70 33 65 5 95 80 20 70 37 91 89 33 34 99 74 24 45 52 66 65 51 1 17 89 8 83 62 61 14 29 15 48 85 60 49 41 74 90 75 10 39 27 82 5 23 28 12 30 60 33 62 39 4 50 36 10 57 84 8 15 73 96 
65 10 42 67 31 31 48 35 5 23 27 65 84 21 48 26 86 39 71 85 95 37 55 28 8 96 75 15 99 51 24 75 50 68 83 31 82 45 44 63 88 42 77 68 31 43 17 47 98 3 94 74 80 29 20 16 56 62 87 98 7 24 17 6 46 62 34 87 57 96 72 8 72 82 31 18 89 92 60 77 79 73 82 87 63 92 67 24 2 89 63 85 86 57 38 68 84 28 87 43 77 32 89 18 97 4 99 20 24 43 69 98 48 61 12 61 38 61 25 61 2 24 18 85 43 34 97 96 64 81 7 55 56 45 35 89 37 43 33 68 33 5 55 54 68 87 67 83 50 4 66 68 98 26 65 74 21 80 65 77 
37 53 99 89 84 55 47 96 22 84 21 60 18 99 66 91 1 31 40 14 92 32 68 92 69 66 90 89 27 86 23 76 61 82 19 3 31 48 6 61 99 53 53 33 42 52 39 75 1 50 53 40 50 73 52 56 31 73 10 32 86 12 14 45 49 78 27 89 53 92 81 80 84 9 57 45 60 14 98 80 69 73 55 54 39 5 55 88 95 59 29 92 24 11 59 36 93 13 60 67 39 76 10 73 84 31 71 33 54 76 68 28 64 37 57 91 97 58 31 33 94 77 77 9 7 21 40 60 90 18 43 36 89 57 49 12 77 76 52 18 29 22 27 29 62 94 70 99 28 90 47 15 93 64 6 15 18 61 83 35 
62 5 19 1 94 71 63 65 25 37 35 40 11 22 44 79 7 22 26 85 84 79 0 53 74 84 83 13 90 56 19 63 99 73 70 28 87 53 36 92 15 38 8 8 54 36 43 18 52 59 43 54 36 21 98 7 25 87 79 2 70 57 33 28 88 28 59 81 39 4 88 47 55 19 23 61 86 85 38 24 25 2 67 36 78 73 53 88 3 34 60 70 50 3 66 13 96 92 37 67 15 79 85 94 45 46 72 23 42 46 85 83 62 77 24 9 24 19 81 50 39 65 0 27 45 83 45 21 87 40 32 44 63 42 36 71 64 84 57 1 63 72 96 60 27 0 10 50 80 58 97 37 73 46 20 88 41 72 12 65 
82 5 93 87 99 59 8 75 69 88 19 87 96 25 26 41 86 22 10 83 11 68 35 54 45 36 50 13 61 53 7 8 97 17 3 67 91 99 92 75 13 13 70 37 78 24 13 99 15 13 5 37 63 68 32 67 79 29 46 59 35 83 51 65 55 8 63 68 40 43 14 91 62 45 34 33 91 17 59 66 94 95 13 94 76 20 73 77 9 97 30 39 69 14 37 9 36 92 76 72 63 10 67 56 72 25 51 51 47 96 88 32 90 99 21 36 94 67 26 84 86 64 24 89 55 97 39 6 92 96 38 96 99 51 98 94 69 26 80 74 45 8 8 43 37 71 21 77 56 33 38 6 51 22 60 23 20 28 20 10 
48 46 39 44 13 9 33 93 57 70 44 29 37 98 44 2 24 83 71 96 31 74 78 91 16 45 44 17 64 16 97 19 92 95 43 37 73 16 44 23 30 57 61 23 17 27 44 22 45 87 16 50 2 91 4 69 75 81 88 67 22 46 46 38 60 53 28 68 30 95 25 93 98 22 5 99 91 24 50 46 59 68 82 31 93 66 35 38 57 39 16 37 33 4 19 88 15 11 92 7 97 3 17 5 48 17 20 24 38 72 76 44 82 95 61 44 94 71 75 85 11 11 17 82 46 54 26 39 72 72 36 11 27 12 5 58 30 52 7 89 40 9 23 11 89 11 6 50 79 17 55 82 32 70 97 36 34 87 44 13 
30 53 30 83 20 2 31 66 84 23 81 53 84 95 77 94 47 58 56 70 94 46 43 60 13 31 74 83 88 87 97 82 5 68 40 31 37 31 66 78 35 19 77 42 13 21 55 0 93 60 71 3 80 47 86 22 78 17 34 19 51 52 47 15 70 53 84 73 11 26 0 97 27 85 63 95 50 71 57 29 88 63 37 14 88 65 45 17 42 61 95 68 79 51 63 43 37 44 57 0 17 38 61 45 96 56 61 46 69 32 80 1 4 21 88 64 13 72 18 98 55 21 63 32 1 91 36 3 38 35 97 8 11 23 51 90 73 12 67 26 55 30 5 64 79 42 14 84 13 20 10 66 99 61 23 8 22 70 62 37 
62 17 14 88 5 59 10 98 62 51 60 81 46 5 18 18 58 12 95 52 71 71 35 30 10 63 74 59 26 73 6 75 21 85 51 42 32 20 15 56 10 84 32 52 69 99 55 3 42 78 79 1 36 12 96 75 28 90 54 30 23 58 33 69 48 4 91 62 2 22 80 66 47 60 16 51 65 95 29 86 26 28 16 68 60 81 87 80 22 49 74 8 1 76 50 21 67 17 43 99 4 74 74 97 88 23 31 83 23 63 59 60 85 90 97 50 77 27 58 15 17 66 20 58 50 29 8 87 94 15 7 13 0 80 94 84 50 13 77 25 76 9 46 54 3 89 51 65 32 25 69 46 73 42 60 79 7 82 42 22 
32 95 59 50 84 43 66 0 6 92 92 39 66 69 65 96 5 35 32 77 99 98 40 51 40 16 88 46 18 41 94 6 12 68 87 57 27 5 51 76 1 10 50 32 56 48 79 32 77 42 35 73 86 37 33 95 63 43 5 37 80 23 36 92 11 66 17 6 24 26 62 87 24 83 95 73 69 30 36 74 72 76 73 38 67 95 46 52 48 4 26 89 18 69 26 5 91 34 28 75 26 12 26 16 95 48 94 87 70 31 98 30 55 17 44 78 44 98 62 20 26 23 70 41 13 11 86 66 64 30 99 54 8 37 18 2 43 24 8 12 96 66 49 90 74 32 67 49 7 29 78 49 61 47 72 7 81 6 40 39 
48 14 5 27 85 35 94 35 98 34 7 41 52 57 35 26 51 5 68 11 69 18 24 34 79 4 26 17 63 71 86 29 28 47 91 93 52 84 34 54 90 48 69 8 23 8 77 23 6 49 71 69 7 25 87 90 28 11 18 57 49 4 42 44 47 38 13 64 43 54 36 87 20 91 94 59 79 51 13 38 57 66 33 97 0 64 41 70 89 0 43 40 70 99 75 96 94 50 68 23 75 67 58 77 24 54 58 8 30 12 26 52 53 53 47 94 48 73 59 98 24 50 33 12 30 75 74 96 85 51 55 15 40 6 62 53 23 22 6 39 3 84 46 27 95 61 81 28 72 29 63 70 50 0 98 52 94 69 22 5 
99 1 11 40 60 38 70 93 15 33 35 79 80 49 94 30 74 80 83 63 64 29 70 39 48 20 61 9 61 27 56 15 4 87 59 87 49 72 72 50 47 0 35 64 27 52 85 0 91 17 70 85 88 21 16 69 16 69 46 69 18 21 4 81 73 80 54 44 88 84 53 14 79 34 86 18 46 17 4 98 8 86 80 52 70 93 9 72 1 84 93 12 49 24 96 19 98 48 24 34 10 11 51 96 71 46 85 43 20 96 33 1 77 29 27 34 18 11 25 32 88 15 8 12 23 13 45 12 14 41 66 3 36 23 87 40 48 29 9 37 19 79 75 36 71 99 45 36 1 53 1 75 66 71 85 73 90 99 47 30 
55 24 53 40 36 19 12 15 79 25 9 94 12 65 24 2 26 65 28 51 96 69 84 59 2 19 74 66 18 99 9 39 5 2 51 95 69 19 2 48 27 87 71 17 30 55 37 49 15 3 22 21 22 72 69 29 17 32 69 65 52 88 75 46 49 16 28 36 16 61 74 58 13 95 96 1 78 52 27 26 9 73 34 1 65 32 44 10 66 62 32 11 71 53 93 16 35 14 19 26 63 19 75 46 29 50 62 12 11 13 59 60 39 0 78 28 82 9 86 2 8 99 99 64 9 86 60 81 82 91 57 57 47 49 82 93 81 79 10 57 21 69 23 38 33 64 97 23 54 95 39 21 31 41 67 5 46 31 62 32 
18 93 4 95 50 98 72 68 78 51 13 40 33 46 24 99 89 71 84 31 28 33 47 67 13 39 37 7 98 32 16 65 75 47 66 10 95 70 58 32 10 75 12 93 68 93 2 53 94 58 4 53 22 10 75 43 33 66 80 72 47 65 11 65 17 41 5 73 28 24 89 42 43 7 57 40 74 22 25 39 44 67 76 46 63 83 20 94 41 61 4 33 98 72 38 90 53 52 22 60 65 45 39 84 5 91 86 57 6 20 35 46 27 91 45 21 29 37 58 61 42 67 46 51 93 78 91 49 33 34 45 94 84 29 74 20 23 78 64 58 75 61 81 23 14 54 66 96 20 90 39 47 31 68 13 64 89 2 31 68 
37 13 45 74 36 14 16 63 95 2 47 17 64 69 9 72 7 14 25 56 5 39 4 48 70 92 52 50 24 42 19 43 69 23 59 97 93 56 2 13 62 75 90 3 53 13 52 39 65 26 85 24 55 43 46 73 67 84 51 40 28 98 31 33 56 23 30 58 47 53 8 12 10 74 78 19 93 26 0 82 96 27 95 89 89 19 67 60 43 18 57 53 31 52 94 2 3 48 39 10 86 96 50 7 71 91 57 16 40 1 34 48 27 23 53 15 63 99 47 79 2 77 43 91 47 54 6 55 66 23 30 53 28 12 61 83 68 99 50 74 0 29 35 59 97 15 67 72 4 96 92 69 76 1 32 66 33 74 79 28 
75 11 32 81 89 25 50 35 16 28 34 93 9 66 28 58 29 33 12 24 69 44 46 90 27 76 94 83 22 13 32 97 13 96 43 50 20 9 12 99 6 53 93 9 94 86 88 30 70 81 91 47 46 73 58 27 84 57 88 77 38 81 39 78 78 8 91 83 21 78 15 5 18 95 27 98 45 31 78 68 26 65 73 6 12 18 21 36 68 74 17 94 62 13 22 37 0 8 43 58 86 13 38 60 34 82 36 91 37 4 20 18 4 98 32 47 82 85 71 39 35 9 6 33 22 94 70 65 62 84 29 40 61 10 91 51 12 20 16 31 34 80 95 34 42 11 37 61 14 57 43 51 46 14 98 71 63 7 44 90 
98 80 11 47 32 90 59 87 0 89 54 45 2 73 11 45 64 79 2 74 35 13 48 19 51 73 24 17 88 68 49 81 83 17 74 26 20 1 22 72 92 19 57 71 90 60 63 97 89 15 58 27 40 88 65 29 44 73 67 7 93 90 76 38 98 46 32 81 38 34 79 2 16 52 9 43 94 33 40 4 67 78 4 66 72 79 6 55 93 75 62 25 23 11 85 92 35 66 12 20 7 69 45 92 73 9 23 8 1 80 57 59 51 71 82 91 9 66 78 47 32 0 61 25 7 18 50 43 93 74 90 11 87 10 92 24 14 9 84 37 39 67 10 4 5 84 65 73 0 0 35 39 23 74 90 38 10 27 49 26 
76 58 80 25 56 86 88 67 25 48 73 90 25 18 74 75 3 6 77 50 69 66 81 49 51 45 41 44 93 23 92 64 6 18 25 19 93 45 92 29 92 35 38 74 25 93 53 79 16 48 70 36 43 71 91 78 4 62 33 49 96 11 78 21 7 67 77 62 1 28 39 20 77 56 66 23 18 83 58 38 94 38 18 5 42 57 60 7 29 43 58 10 63 10 61 5 32 21 21 11 64 55 73 56 25 61 92 43 75 44 94 20 93 29 90 13 98 96 93 3 77 13 79 12 78 76 36 89 55 65 41 62 47 78 86 31 99 76 31 16 7 63 29 25 83 73 96 26 13 9 6 25 37 4 38 15 41 33 45 17 
37 66 0 5 78 7 30 13 86 17 16 25 20 89 62 98 49 56 62 42 29 64 20 17 98 78 36 74 21 42 10 25 84 99 10 55 22 89 1 37 16 96 2 86 82 86 54 31 65 52 48 43 61 54 59 38 6 73 13 37 75 67 3 4 19 30 50 73 56 88 14 95 33 7 11 2 60 64 61 77 42 31 51 23 98 97 77 19 22 47 21 56 69 51 30 73 19 80 50 41 38 40 81 28 27 89 23 27 18 23 28 70 35 36 78 80 40 95 63 51 41 6 65 66 88 35 93 44 52 32 29 26 65 48 5 71 30 42 83 51 66 94 86 98 97 46 15 26 95 61 76 47 55 67 77 86 3 4 29 41 
89 68 34 14 44 18 62 48 12 24 94 45 56 45 52 68 0 52 68 89 47 35 58 70 91 62 38 95 7 22 18 92 29 50 40 55 53 54 63 75 32 16 50 47 27 9 2 87 28 32 41 11 27 85 91 3 65 36 39 4 65 58 17 34 6 18 65 72 79 54 74 66 41 73 67 66 76 63 33 18 5 58 12 43 74 49 66 7 91 96 63 71 44 83 19 73 18 61 75 36 82 60 11 22 20 43 27 3 12 88 6 18 48 21 2 74 6 32 41 25 64 41 44 93 42 25 44 67 4 19 26 4 48 69 15 70 3 6 19 49 92 97 29 21 6 26 52 55 5 89 0 90 99 88 54 64 39 62 84 1 
38 13 36 2 77 75 7 43 10 75 64 66 4 86 85 27 28 68 71 21 28 66 23 52 40 31 24 6 23 87 94 2 80 95 16 83 30 23 31 3 73 66 68 74 49 7 0 47 31 76 28 67 34 25 9 26 57 66 87 6 62 2 8 71 13 40 91 0 78 0 43 65 73 26 65 77 6 90 6 77 40 40 82 43 24 31 29 58 74 90 95 98 27 89 72 47 32 82 5 90 6 23 16 3 32 61 45 21 57 29 61 85 26 60 7 69 10 46 38 38 87 31 34 82 1 21 84 80 2 15 42 51 13 13 51 48 52 7 70 29 97 97 22 49 26 69 89 63 50 84 74 54 57 26 86 3 49 24 2 48 
53 47 23 29 10 35 77 86 57 92 40 16 78 33 21 77 49 91 17 83 65 9 46 40 88 11 43 30 12 47 89 4 81 53 82 21 82 17 60 24 22 19 5 60 37 46 0 52 75 55 99 34 21 94 93 43 93 47 50 21 62 16 22 82 78 34 2 19 81 80 32 25 51 70 6 41 54 7 72 11 85 37 90 93 36 46 4 77 72 81 29 49 62 21 83 42 90 3 88 99 56 52 7 29 99 37 58 13 49 63 29 51 11 66 70 33 68 19 66 2 80 2 14 9 70 98 69 29 90 57 98 13 55 60 59 65 20 74 31 2 50 56 28 33 74 27 95 22 35 46 96 98 55 99 68 17 42 70 59 37 
0 23 80 52 75 30 48 62 30 67 54 47 88 79 73 56 77 83 87 19 4 17 65 91 15 37 51 40 66 35 89 95 51 53 74 30 5 79 34 98 20 66 23 98 72 70 1 72 92 54 40 2 20 52 78 24 43 52 51 17 48 65 29 22 66 27 63 78 18 32 48 35 7 54 26 4 11 18 56 13 86 34 16 71 89 69 30 8 3 78 39 42 76 50 7 10 58 61 77 63 75 92 26 57 86 67 1 47 38 79 45 97 1 55 35 98 62 4 97 53 75 42 88 39 10 40 69 82 73 82 6 85 3 0 64 11 87 50 66 23 9 85 87 26 77 63 12 56 89 27 49 94 8 80 68 35 61 64 37 32 
24 25 20 86 40 1 60 67 97 66 31 72 74 34 14 98 44 5 65 15 46 67 21 1 98 64 49 45 89 54 16 66 88 34 72 43 2 17 35 48 70 97 74 56 54 34 98 68 86 19 47 19 51 22 15 15 66 1 54 85 21 4 69 92 99 95 49 8 60 55 10 56 4 6 56 57 20 86 64 47 13 15 44 71 72 89 60 90 76 2 71 97 64 44 90 69 73 38 38 44 63 97 15 64 64 32 16 46 45 63 66 41 53 26 38 40 92 28 64 10 14 28 31 46 46 4 20 80 98 38 40 39 58 79 89 62 28 60 50 49 22 70 60 50 74 28 44 11 21 99 21 58 53 61 65 94 77 75 99 93 
72 53 3 90 0 86 48 68 8 9 59 71 92 96 48 28 88 61 40 73 27 72 28 7 28 49 88 65 29 90 81 24 79 11 47 97 77 38 15 48 32 78 27 26 59 67 99 12 46 17 83 74 3 74 1 73 48 12 92 25 76 42 14 26 53 8 15 64 58 28 5 74 55 95 4 47 82 62 92 15 12 65 73 7 39 39 36 58 4 78 27 89 12 78 96 99 76 19 16 90 21 47 62 49 18 73 38 34 36 90 71 37 4 96 55 24 21 37 67 70 67 12 41 78 88 0 4 18 42 63 82 18 44 35 70 37 63 32 3 42 73 93 67 77 1 24 96 78 20 49 81 16 47 75 3 31 42 91 13 27 
29 73 28 14 63 83 88 14 60 75 65 17 24 45 6 2 54 55 46 11 40 98 49 58 42 39 47 0 52 77 63 77 75 67 35 30 84 48 66 37 61 67 44 47 22 29 70 96 39 41 33 20 58 68 31 39 89 89 21 70 36 10 27 99 35 37 34 46 88 5 47 11 99 41 75 12 33 57 57 29 16 38 53 56 8 44 34 96 72 80 38 24 25 24 29 29 38 9 90 87 75 28 93 62 7 58 80 32 56 82 58 44 72 47 90 56 43 28 31 60 44 62 19 86 27 94 25 57 37 1 12 39 65 8 62 95 43 23 51 67 61 37 70 82 11 96 79 90 65 29 57 53 41 85 17 9 24 12 82 42 
61 2 38 87 12 4 36 90 38 19 65 94 33 28 88 50 4 2 20 56 53 15 47 97 33 25 57 32 31 11 16 63 26 18 93 28 81 99 68 9 93 29 28 88 56 72 7 82 22 20 87 50 85 55 98 49 89 18 59 58 96 10 34 77 88 81 84 88 81 71 47 9 0 21 81 26 99 80 62 96 62 76 29 75 30 10 11 6 8 51 11 79 85 22 0 55 41 95 38 46 43 41 85 16 97 83 25 23 69 81 96 62 21 60 31 38 82 79 45 29 91 71 7 66 89 60 49 94 77 79 21 6 10 7 93 15 99 3 85 28 46 46 92 19 72 1 62 99 12 62 1 45 28 42 18 50 98 93 31 15 
60 63 68 33 43 78 32 25 29 96 42 45 11 66 49 56 63 54 87 23 5 21 50 15 45 56 43 43 94 41 17 58 15 40 93 5 65 58 84 53 61 72 35 5 66 96 35 28 97 56 5 22 41 19 70 74 66 33 47 24 53 82 98 77 82 83 97 8 12 17 5 94 76 93 82 56 62 0 67 7 54 55 87 72 28 96 91 43 88 64 55 40 56 17 9 71 94 43 51 95 94 79 14 25 66 91 12 8 81 13 12 78 67 83 31 89 94 58 70 36 88 90 68 30 77 1 82 53 76 13 85 1 98 10 89 26 8 76 91 51 10 87 78 33 14 64 57 45 23 45 64 13 58 48 54 22 81 40 37 47 
10 24 64 58 31 73 71 36 0 13 72 92 62 91 41 92 58 46 94 91 99 99 65 52 80 88 64 23 37 66 0 15 56 38 92 49 23 72 66 89 13 92 82 43 29 88 6 99 58 71 52 62 98 51 20 57 25 89 20 97 53 95 3 45 80 38 43 72 10 75 29 11 96 37 9 38 95 36 79 33 56 31 55 38 88 31 29 63 85 60 21 71 79 4 22 50 49 32 93 48 63 75 6 8 84 20 55 10 64 69 49 10 27 80 88 37 79 0 77 27 32 77 14 27 9 65 71 30 44 12 80 36 47 55 63 19 43 39 40 57 49 24 62 74 31 93 3 34 87 17 53 86 9 89 26 13 52 38 20 7 
27 55 25 0 76 37 55 92 58 28 16 83 1 24 0 98 33 16 86 13 87 63 70 10 48 0 50 71 88 47 86 84 86 98 14 64 16 89 92 91 69 12 36 89 30 31 38 40 24 65 87 43 32 75 18 65 73 30 53 97 20 70 50 87 57 46 88 90 21 63 63 74 38 99 80 85 34 60 90 88 42 97 60 87 99 83 56 84 40 35 17 7 67 88 37 35 3 32 63 36 95 14 49 38 10 11 44 61 54 2 36 48 55 22 77 62 18 15 6 27 4 43 93 91 42 29 64 7 85 36 25 55 91 88 44 79 31 53 51 21 69 6 8 91 79 87 48 96 94 91 24 12 39 35 9 17 63 61 25 15 
77 29 16 97 32 39 12 27 92 65 28 46 8 73 60 64 66 29 42 2 44 26 21 42 51 64 45 42 40 94 85 24 53 4 83 21 53 29 35 91 64 2 30 68 68 78 49 2 74 22 19 91 72 93 11 39 96 31 79 54 76 9 20 7 44 39 72 86 98 54 63 42 37 59 15 6 68 62 42 94 37 41 52 22 26 80 76 61 0 77 66 17 18 6 41 3 7 94 23 82 80 18 85 63 69 35 14 36 44 39 62 7 52 80 36 28 31 40 76 2 90 74 17 16 23 1 66 60 6 35 75 97 79 98 35 5 89 42 5 12 80 98 59 17 37 62 8 1 6 95 91 20 78 80 41 20 3 66 43 58 
20 92 68 68 52 72 47 70 67 75 84 45 85 87 11 50 68 67 78 11 57 33 18 0 12 68 58 8 55 26 86 74 75 75 95 48 53 47 22 45 69 91 13 24 30 23 14 10 49 62 54 69 91 60 20 41 15 7 98 59 41 40 61 70 13 95 13 5 61 29 29 53 85 77 21 29 97 2 13 59 37 4 34 63 51 45 28 8 94 62 36 22 7 70 76 74 30 74 20 81 4 25 56 5 5 54 62 11 98 93 79 39 8 93 96 61 63 47 37 99 44 75 30 14 80 68 60 7 74 91 81 75 38 48 28 90 8 85 5 23 5 79 99 91 81 58 23 36 16 63 96 74 29 96 19 85 81 50 76 72 
8 84 98 26 28 61 35 57 30 13 25 6 51 92 78 77 94 23 59 75 39 22 7 61 16 55 37 9 11 14 77 4 96 4 44 69 30 33 20 68 7 97 59 46 13 18 12 74 60 74 75 38 59 11 57 10 86 34 7 25 56 24 34 26 45 18 38 5 52 97 94 82 98 12 48 20 79 9 1 81 18 52 38 16 49 99 1 95 13 96 91 27 90 96 69 34 80 35 48 7 36 39 98 59 10 54 70 29 51 72 79 43 32 51 17 83 36 2 28 92 65 98 35 48 66 42 74 41 38 38 92 2 28 13 18 73 78 38 89 97 95 44 23 95 56 74 42 49 96 57 9 4 92 49 61 46 51 83 56 95 
87 41 72 7 29 18 50 3 72 35 95 4 70 22 92 42 19 13 63 70 42 64 87 77 24 20 97 50 10 42 49 82 64 43 31 57 34 80 86 48 53 35 28 84 76 8 68 94 56 96 50 61 60 29 74 36 22 80 46 38 86 95 51 51 9 26 68 37 22 70 47 97 60 54 25 83 50 10 1 41 47 66 45 28 4 53 22 14 70 10 28 60 68 40 69 76 65 4 48 89 24 80 10 89 23 16 49 91 75 44 98 65 55 90 96 35 74 5 94 0 58 83 10 29 79 41 54 68 78 95 13 26 94 70 92 99 11 27 88 97 42 12 79 71 80 65 99 20 36 74 20 88 81 57 42 87 49 40 85 92 
97 92 25 27 97 23 1 39 14 38 52 18 63 31 81 29 28 29 46 45 49 87 35 67 28 58 58 44 88 56 10 21 89 57 42 31 90 76 33 5 66 84 99 6 3 74 62 27 3 26 3 14 63 56 52 84 18 2 31 15 22 94 5 37 28 30 35 71 98 34 73 76 69 22 96 33 75 15 96 29 6 17 39 83 97 67 4 91 60 95 69 5 57 32 13 98 65 69 86 67 86 79 79 64 76 39 96 33 49 78 11 58 48 86 46 50 55 91 67 12 10 58 88 17 58 8 68 24 73 21 5 76 15 58 42 16 0 36 18 18 62 11 17 75 10 73 22 34 29 52 63 13 13 19 22 35 34 25 90 71 
19 82 4 34 85 54 29 94 73 47 34 56 39 80 19 29 72 15 51 41 16 75 34 9 7 57 35 62 86 18 97 87 72 71 10 25 0 52 41 66 28 25 82 69 85 51 80 94 95 69 23 80 46 52 59 19 89 16 50 56 15 92 20 37 64 59 84 82 54 3 83 52 56 39 20 58 53 36 30 64 21 55 97 32 58 20 80 0 7 1 52 48 99 80 44 22 90 29 17 62 65 18 12 69 53 94 61 31 26 63 23 66 87 82 49 75 60 14 17 48 87 14 52 96 8 46 3 91 47 77 50 62 79 71 79 7 18 18 66 62 60 47 62 45 37 68 35 71 90 72 54 94 71 82 50 79 9 88 93 15 
1 58 33 64 44 70 46 8 0 21 65 24 2 86 27 12 98 29 68 48 88 23 87 49 82 6 22 60 35 72 71 34 69 86 77 12 43 26 14 45 98 47 15 37 27 99 39 44 84 88 59 65 38 97 31 89 84 75 31 52 31 28 32 77 74 37 15 8 77 78 82 41 55 24 92 86 79 7 52 50 5 22 23 37 20 67 94 83 30 88 54 39 51 46 59 26 94 23 91 15 70 83 77 35 15 43 53 65 51 94 32 12 78 43 23 46 31 55 94 53 2 22 3 79 45 40 49 81 77 46 48 71 17 98 13 70 38 61 89 81 28 87 80 56 25 77 64 41 1 26 1 23 2 79 36 21 10 15 40 30 
63 67 34 44 90 11 82 92 50 44 82 72 57 12 27 11 41 19 46 90 26 31 57 52 30 28 83 95 40 0 33 4 99 79 13 67 74 2 41 27 34 57 37 54 38 59 33 68 2 64 77 32 21 72 22 88 58 80 75 61 56 2 62 11 24 30 16 8 51 92 9 27 80 49 5 33 45 53 77 39 73 86 79 51 91 67 29 28 67 23 77 11 27 2 90 55 45 68 82 32 32 3 29 55 45 9 75 2 82 15 24 16 11 80 33 57 95 36 64 69 75 12 20 4 98 12 53 44 86 98 49 93 19 80 48 78 98 76 97 12 71 97 88 85 73 20 95 2 47 1 48 12 33 15 15 4 4 41 29 63 
17 17 23 47 73 47 57 63 29 69 33 33 63 2 84 50 96 20 71 40 65 98 55 96 78 56 55 83 26 47 69 74 24 55 24 62 59 38 83 45 62 60 99 12 39 50 94 37 53 75 1 6 90 46 69 41 75 74 59 25 67 30 73 34 21 1 56 40 22 29 92 24 62 35 49 85 97 63 72 19 25 62 92 22 69 54 0 5 10 8 84 38 50 56 91 40 36 26 45 69 31 5 81 79 39 89 99 67 19 30 71 34 53 96 10 15 47 95 75 16 97 19 48 21 68 77 32 82 25 59 74 9 58 58 2 12 82 52 54 97 91 14 15 55 6 10 15 44 54 94 88 5 90 11 86 25 13 86 9 56 
68 58 75 26 14 8 54 25 98 37 34 52 19 92 44 53 99 87 81 71 70 22 28 91 34 67 68 48 35 88 91 12 98 63 36 96 3 54 18 19 4 87 15 22 40 71 3 63 56 15 76 31 66 70 32 16 39 58 66 72 45 11 49 62 69 21 38 35 71 2 16 21 86 12 63 45 84 2 9 41 53 61 85 62 9 81 93 65 80 35 94 55 89 28 91 9 35 21 43 85 4 59 40 66 23 5 83 12 36 7 19 74 76 21 13 34 93 9 39 82 4 7 57 2 62 7 88 38 9 81 8 18 42 28 63 10 0 49 96 14 35 16 39 14 77 81 31 69 87 2 4 27 49 20 54 30 88 6 85 55 
54 73 5 27 99 68 28 13 32 42 87 79 68 35 31 14 17 98 16 93 29 46 27 20 10 32 3 46 85 73 25 85 90 78 88 53 59 38 61 2 89 91 56 33 94 69 30 48 16 23 37 17 59 52 32 76 94 68 39 48 23 50 35 95 28 94 76 78 27 21 39 21 58 16 40 3 63 2 17 21 10 87 2 53 62 20 74 50 90 8 47 0 69 78 99 91 90 59 61 30 63 18 91 67 43 20 56 15 44 44 65 80 92 98 14 20 29 33 16 2 77 94 2 0 82 99 97 52 5 83 5 85 1 60 87 7 2 71 70 67 42 46 98 76 84 77 49 76 80 89 76 45 36 91 92 73 25 74 14 72 
89 66 61 21 74 2 60 32 66 72 42 91 7 0 93 52 34 22 33 86 54 91 77 25 3 43 85 1 96 54 24 73 63 44 28 44 52 78 75 85 97 52 54 32 6 48 69 49 87 32 17 90 38 62 50 57 68 29 65 16 10 90 53 76 85 74 68 48 74 2 2 49 78 93 47 79 43 41 8 81 71 22 36 75 67 43 13 28 62 64 86 7 70 33 22 79 87 82 78 70 21 42 33 97 80 41 89 5 10 70 33 6 88 89 99 91 21 71 70 33 58 89 84 1 11 84 27 71 12 68 43 38 72 62 58 82 5 23 68 62 48 37 97 26 21 16 35 24 79 0 24 85 50 16 91 80 96 76 93 34 
85 56 58 66 91 59 68 78 91 44 54 49 35 78 37 34 35 49 97 47 58 70 5 45 35 0 87 64 61 45 86 51 94 5 38 92 81 32 67 10 15 59 64 27 62 57 53 41 89 47 63 97 0 35 85 0 8 19 24 20 56 28 28 82 70 38 1 52 10 42 72 69 94 16 61 10 24 94 67 58 47 39 34 35 22 73 39 52 74 65 3 45 10 67 90 70 56 20 36 4 91 81 54 43 44 79 77 84 68 26 12 92 98 67 86 92 49 79 32 76 99 52 57 76 84 62 57 77 35 20 97 82 47 33 8 59 52 16 73 48 24 88 7 16 23 10 4 73 36 36 10 83 93 42 15 16 82 17 72 55 
62 58 93 49 22 83 26 41 0 44 19 61 65 3 50 67 0 33 9 73 41 84 21 62 86 98 80 99 58 75 16 53 99 58 36 51 62 13 70 90 68 8 93 51 2 47 85 77 95 91 44 73 82 12 92 15 85 29 7 24 30 75 2 71 60 52 10 29 27 32 53 22 46 23 58 32 25 31 7 27 80 67 61 6 85 5 93 70 50 98 12 4 48 98 92 47 3 74 59 41 33 58 98 43 34 30 20 21 75 8 9 37 12 89 51 95 12 66 86 99 65 16 23 36 73 54 64 46 40 93 60 60 5 35 78 34 44 71 83 81 30 96 19 56 65 74 78 68 62 0 49 29 21 68 95 16 99 75 23 68 
3 92 60 92 79 66 77 35 29 88 84 45 45 92 48 72 76 26 70 35 77 70 84 74 40 7 64 87 84 29 20 7 30 75 11 13 97 70 48 21 50 35 21 26 13 63 49 9 94 57 13 96 73 75 95 5 51 95 17 61 46 75 35 66 91 38 60 86 31 23 60 38 86 23 37 2 38 52 71 88 60 47 95 37 5 92 99 16 37 83 39 70 58 40 59 27 48 61 51 48 33 73 75 45 30 80 84 6 76 60 11 57 12 7 70 88 49 58 34 42 93 87 92 25 66 77 57 17 76 63 70 35 61 67 72 3 50 68 10 39 58 79 44 69 43 86 11 67 83 60 63 54 24 90 24 10 9 9 31 90 
81 98 19 86 17 1 84 65 60 65 92 83 31 8 86 43 98 0 17 42 66 96 25 38 31 0 99 66 12 31 72 35 49 91 72 43 99 51 8 39 49 52 9 58 70 18 29 9 54 53 66 17 5 23 4 48 94 30 82 34 68 64 77 77 5 13 4 1 85 33 20 37 5 8 92 38 46 59 94 47 99 91 11 0 15 93 83 10 77 47 20 45 62 37 7 20 29 42 0 17 9 68 17 54 73 92 9 71 84 60 81 26 29 59 0 57 96 31 33 22 54 3 62 8 97 58 84 56 96 0 29 41 58 31 24 73 11 50 37 20 42 95 62 24 29 82 76 21 4 13 16 60 31 22 36 90 60 8 77 74 
81 39 89 71 13 27 86 71 56 32 35 51 19 27 16 99 74 4 56 95 36 96 33 63 65 44 80 6 94 29 74 11 74 98 70 47 68 29 90 36 51 42 91 14 20 5 95 75 13 14 33 87 55 96 28 75 83 98 89 3 69 92 1 2 54 25 36 78 21 57 27 7 93 66 97 77 13 13 25 64 29 95 8 23 62 64 70 64 91 28 47 99 0 18 45 93 37 68 85 51 89 51 90 43 69 69 4 60 67 19 31 8 32 95 74 75 79 64 95 32 44 44 71 89 33 40 42 66 78 93 31 36 1 34 56 79 19 89 43 82 70 72 92 0 95 51 43 33 11 11 30 0 86 8 44 27 29 17 28 13 
5 17 68 60 69 47 34 78 38 3 61 39 85 44 99 81 57 42 31 22 11 39 73 54 63 97 73 15 96 36 74 50 20 64 98 39 40 68 49 12 81 35 53 3 30 23 4 75 76 99 74 40 24 52 46 51 10 41 22 47 53 49 96 60 50 41 15 95 30 76 10 65 50 53 96 68 42 77 68 44 79 70 69 4 59 24 36 15 98 79 24 36 89 18 32 55 34 68 94 87 37 66 92 9 90 23 72 51 28 41 49 87 36 25 89 26 93 87 41 69 49 29 22 63 87 69 43 34 31 39 65 65 77 48 80 25 48 58 94 2 32 21 39 3 28 48 89 52 46 54 98 1 36 17 55 27 49 34 74 21 
45 14 24 77 41 34 45 13 40 85 40 81 73 11 51 81 36 97 45 8 44 83 38 62 39 77 43 27 50 84 32 49 99 31 80 36 21 85 67 27 7 40 31 87 71 76 36 30 19 78 76 10 87 87 7 69 79 56 44 27 72 11 19 78 93 13 51 93 98 23 10 59 71 25 42 49 34 48 86 35 81 41 12 82 44 44 86 3 63 37 92 63 44 22 9 97 80 50 22 56 50 93 80 15 72 7 52 97 1 98 28 99 14 59 45 5 74 87 56 84 19 63 29 42 31 49 3 18 23 63 61 36 21 75 54 35 91 23 95 42 25 63 2 7 65 5 76 72 55 60 71 21 20 47 67 67 38 24 25 37 
45 61 73 42 63 2 64 38 35 59 32 29 22 40 36 41 73 96 22 99 44 61 37 25 72 83 37 88 26 78 27 62 61 88 57 52 13 57 70 16 20 93 95 29 66 25 35 26 16 74 70 11 38 91 48 15 41 10 11 32 61 72 44 75 43 22 1 52 4 87 96 59 1 84 38 83 66 9 65 86 76 69 80 39 48 77 15 35 36 12 20 33 6 81 57 57 1 59 26 73 72 1 63 69 69 50 89 91 26 77 75 0 56 57 79 60 88 16 73 21 47 81 5 88 8 52 65 25 58 13 52 85 34 50 65 83 57 65 71 63 14 15 64 85 60 5 69 56 37 24 13 1 89 21 2 62 46 31 44 50 
45 11 89 33 13 81 64 33 84 61 19 99 13 38 1 52 67 46 41 63 6 61 10 81 59 31 37 72 69 25 19 79 26 74 96 1 14 42 27 43 24 17 16 80 20 78 69 60 94 51 53 19 67 31 28 34 35 69 75 28 57 58 45 49 34 46 71 98 35 30 22 18 59 13 17 12 72 14 89 46 49 10 44 73 98 77 11 63 33 34 46 34 99 52 47 37 10 17 37 30 12 56 74 19 29 92 34 56 96 68 36 40 26 9 98 8 61 72 56 52 10 41 16 36 11 56 31 44 1 96 55 72 98 88 91 53 38 45 10 59 3 37 76 61 17 7 45 92 70 25 4 53 23 5 89 13 13 81 60 16 
66 41 0 99 26 29 57 53 99 44 97 98 95 1 46 3 62 63 90 59 22 39 79 35 62 68 4 33 90 80 89 12 66 25 64 70 17 10 67 47 76 49 40 28 84 60 12 37 61 22 53 35 87 45 11 52 70 16 34 22 53 96 61 89 16 43 16 71 2 68 8 41 2 7 78 36 28 69 39 55 26 68 7 76 94 82 8 54 7 49 27 50 88 73 85 15 88 46 64 7 51 42 40 1 45 47 32 5 29 33 82 47 12 27 31 1 15 22 69 21 25 10 4 79 64 67 38 39 15 73 14 33 85 99 15 61 37 6 46 15 22 92 38 31 22 37 48 77 25 67 53 98 42 21 41 3 67 28 10 73 
81 71 45 51 12 37 17 48 78 67 74 48 22 62 92 36 12 86 20 10 65 87 88 38 64 24 32 2 17 69 26 62 11 98 61 23 50 90 4 30 21 91 4 21 20 79 91 7 81 45 22 89 91 65 70 7 33 76 82 91 8 36 98 52 17 2 96 76 90 55 37 60 73 60 32 0 85 12 77 26 74 25 82 87 9 52 77 80 55 56 3 54 68 62 10 94 58 4 27 51 48 89 42 74 94 94 86 88 79 92 69 85 67 57 60 62 73 31 14 4 69 99 57 15 55 52 71 71 44 78 14 31 60 59 21 40 21 58 79 42 8 57 77 99 16 74 69 64 36 38 39 20 0 63 76 73 4 40 28 77 
27 31 3 97 63 1 79 4 21 70 13 14 38 23 65 6 40 79 43 5 93 31 68 63 30 57 64 72 38 83 46 8 67 57 67 64 22 68 29 59 12 26 0 0 95 90 9 56 33 51 76 60 74 15 37 45 20 74 1 54 4 66 8 16 67 92 17 86 3 97 26 59 71 3 90 9 44 9 55 78 85 82 46 12 2 17 11 51 81 78 48 36 96 39 59 98 49 9 88 33 72 38 37 83 45 44 26 58 73 30 37 99 14 92 40 82 37 16 31 91 7 36 24 58 33 7 82 18 0 50 43 50 11 31 56 2 20 89 33 26 4 54 8 57 13 61 11 32 35 59 74 55 59 28 39 31 79 98 13 92 
93 49 91 22 79 74 0 1 23 23 91 4 78 71 26 21 36 70 75 67 20 25 63 59 74 37 80 69 89 3 86 67 34 17 17 7 62 25 39 99 67 90 42 95 72 90 12 61 96 46 16 60 80 1 19 1 29 78 62 31 65 30 52 20 36 85 30 30 22 48 62 22 69 74 64 38 41 9 38 45 53 73 44 55 43 52 6 62 0 34 79 76 16 22 62 76 30 98 10 4 43 44 87 19 43 80 39 5 19 19 27 82 64 71 20 42 13 62 71 44 94 80 86 0 36 5 8 91 18 14 77 11 29 50 94 12 84 84 95 0 1 37 97 33 10 49 27 42 34 66 20 19 84 92 17 47 14 46 38 34 
6 70 29 64 19 39 30 44 7 44 50 62 53 0 92 8 26 67 11 19 71 76 94 14 36 53 22 75 86 87 57 52 89 84 59 58 26 66 63 97 76 22 11 99 98 23 85 69 70 2 77 0 51 68 13 34 10 86 97 42 41 55 28 46 52 36 98 89 36 27 89 77 39 81 74 70 99 34 15 11 2 11 46 63 41 81 90 7 28 57 36 73 29 99 25 77 20 28 90 56 46 7 20 9 49 93 59 80 42 37 91 16 86 71 4 8 59 86 71 81 4 66 70 80 76 4 49 10 55 0 60 69 68 92 69 24 21 46 98 19 42 20 10 77 28 38 42 9 4 86 78 30 43 20 1 44 1 77 22 99 
6 77 27 47 67 97 48 35 33 95 58 93 49 11 57 47 25 47 91 44 21 95 43 40 25 67 92 60 99 10 73 67 11 26 56 35 46 77 62 1 51 73 75 24 58 45 26 71 33 97 1 84 75 97 21 47 32 26 17 14 33 51 91 80 93 84 89 51 90 28 36 2 13 7 13 88 34 9 32 18 28 31 61 50 36 15 52 99 87 96 26 4 41 1 93 48 39 22 62 28 22 36 13 22 69 42 78 56 67 83 18 15 88 82 52 74 75 53 43 28 82 98 89 80 13 38 36 67 65 51 27 98 73 52 94 2 9 88 11 44 56 90 60 41 27 75 54 76 43 24 4 9 9 47 53 66 12 73 28 38 
28 93 64 52 38 88 72 4 23 30 47 29 65 85 39 80 24 1 52 0 34 45 53 82 67 80 57 52 81 72 22 31 20 65 99 13 85 38 77 9 36 60 34 71 65 40 59 73 80 30 7 69 21 84 97 46 72 61 35 48 0 85 28 84 43 13 14 29 49 85 55 24 83 11 51 56 81 73 43 26 57 80 71 5 79 4 94 64 3 58 43 20 80 36 92 0 94 84 40 23 14 16 31 43 30 72 34 91 9 16 59 97 90 82 93 79 59 98 94 40 40 82 49 75 9 74 92 36 15 89 29 59 99 72 68 52 70 53 5 54 38 35 40 65 44 28 8 97 91 21 87 29 46 83 43 73 91 60 58 27 
4 64 4 19 60 74 72 18 83 99 40 91 66 12 70 4 77 13 93 50 57 12 62 5 69 95 96 72 86 0 22 50 93 66 74 60 69 58 99 69 16 12 15 26 97 59 3 35 79 52 43 35 79 41 27 70 87 87 96 78 16 97 89 76 74 88 2 78 23 30 64 35 28 44 30 74 2 62 40 97 29 60 35 18 98 87 24 16 21 98 80 49 40 93 8 78 81 2 5 34 11 89 72 78 37 66 0 25 96 86 15 2 78 68 6 2 22 10 81 36 72 45 97 63 15 94 28 80 71 36 85 43 42 32 78 59 25 59 72 27 8 82 99 26 28 21 10 18 24 80 95 81 10 20 25 41 30 60 42 97 
58 63 36 55 69 38 48 60 32 99 5 38 69 5 34 39 32 46 91 32 1 57 1 2 16 60 61 94 98 36 40 54 51 85 33 10 0 38 48 24 4 33 20 54 66 84 10 92 12 38 75 59 34 11 79 83 55 83 36 57 6 17 89 4 8 70 0 63 87 30 91 73 1 83 61 55 94 56 55 85 83 4 28 19 94 35 20 67 81 20 27 71 0 93 21 37 85 85 73 9 97 12 76 51 99 92 41 57 25 82 75 64 94 99 53 28 61 55 84 23 37 96 16 71 80 96 21 75 83 8 76 13 48 34 16 46 56 6 56 46 64 11 47 93 83 40 46 48 41 92 88 23 46 99 67 46 4 88 74 51 
90 91 57 42 48 17 13 38 98 89 49 53 6 96 56 23 21 99 73 0 61 49 22 85 99 7 97 52 3 34 79 13 30 21 51 35 34 75 18 11 99 77 56 53 44 22 87 90 1 63 44 95 38 39 26 25 54 95 38 62 81 24 12 70 57 39 91 52 76 96 12 50 12 48 88 13 58 70 60 29 40 88 77 87 46 75 8 43 71 71 78 78 95 64 57 80 44 40 59 63 29 74 79 41 29 93 33 98 83 22 46 54 44 42 36 68 43 20 15 77 1 15 87 60 44 69 30 73 94 10 89 5 23 76 6 69 16 47 76 57 56 6 10 57 44 40 39 95 92 29 28 50 21 69 65 46 92 30 87 39 
10 5 15 77 80 72 1 22 34 88 2 13 72 64 53 96 86 89 40 51 76 60 83 48 62 7 18 41 67 4 8 27 15 80 33 42 87 22 11 39 18 90 88 3 73 38 96 1 26 14 2 89 68 87 48 24 40 14 68 69 90 21 48 25 82 86 91 72 59 30 34 92 81 94 88 82 8 20 82 22 14 70 1 55 93 99 73 16 83 82 65 57 22 7 17 57 7 70 51 36 63 58 8 33 57 95 90 46 42 91 95 3 25 26 60 33 6 50 9 45 98 67 53 24 57 18 51 95 38 15 67 68 77 30 75 43 5 25 75 90 40 72 4 7 24 5 67 14 95 60 59 70 56 92 97 52 68 68 47 36 
15 96 25 15 52 18 71 3 40 1 84 83 87 7 49 22 33 69 14 88 75 17 55 73 28 27 78 72 20 50 35 68 23 61 0 77 21 20 29 9 81 77 11 66 90 60 51 34 5 64 50 54 58 50 38 52 68 22 78 86 80 85 42 48 10 54 17 19 21 41 79 7 18 25 24 62 1 75 13 28 53 2 94 72 93 18 90 23 75 13 99 79 74 9 47 13 28 55 25 95 23 19 56 92 91 48 45 80 25 26 54 36 5 34 7 47 60 74 29 40 41 76 29 67 37 21 97 21 30 38 70 23 94 32 51 97 6 87 46 46 1 56 93 83 17 7 42 9 31 13 47 21 73 29 2 19 71 56 95 51 
45 97 34 12 99 73 80 79 3 85 50 66 49 68 69 30 18 14 51 61 82 53 4 22 45 72 33 23 83 57 88 9 41 47 86 68 45 35 1 58 6 29 28 43 56 75 36 97 1 71 6 46 24 67 27 29 37 95 93 44 61 35 20 48 5 9 86 94 82 44 93 64 54 76 75 56 36 34 43 15 19 84 88 30 77 56 85 31 94 52 97 96 38 42 89 44 47 73 34 61 91 25 46 70 60 33 73 58 50 81 31 49 82 73 10 12 11 73 23 62 69 3 33 88 34 9 38 6 4 71 85 21 41 47 65 60 14 86 62 6 44 73 39 39 8 22 84 7 96 18 91 21 81 88 19 31 24 71 19 51 
5 98 85 24 57 86 78 69 98 99 69 54 17 81 69 56 9 56 70 25 15 15 79 82 89 78 84 42 9 0 67 71 21 65 43 95 56 60 80 94 44 95 29 4 41 46 30 27 50 20 23 45 19 15 34 14 80 4 30 12 34 37 84 26 9 80 48 57 21 19 41 49 73 26 87 0 32 9 49 11 42 2 81 75 59 67 43 44 35 7 24 82 98 76 75 41 32 7 50 72 46 9 31 6 24 97 82 23 14 3 6 32 9 75 16 7 67 14 43 31 55 2 99 52 50 35 51 16 78 60 5 77 28 27 22 22 61 70 9 78 97 48 7 28 53 78 52 29 18 56 57 28 79 33 45 73 47 74 29 64 
28 10 4 8 29 29 56 17 14 58 41 15 33 54 38 96 43 36 42 36 57 41 79 22 77 22 43 90 87 34 36 28 68 16 69 27 49 83 17 39 96 89 18 30 10 12 65 73 78 0 52 86 80 49 93 4 31 16 16 76 10 47 64 59 13 70 17 45 8 87 29 50 27 10 92 96 65 65 16 62 8 18 82 69 3 59 66 71 51 34 27 25 14 81 24 61 83 96 80 75 92 83 38 19 61 17 61 74 5 79 85 5 2 6 79 83 21 63 30 0 46 49 70 49 33 11 6 85 49 42 96 28 48 91 64 36 83 68 60 32 38 24 6 88 34 77 6 46 49 65 30 67 43 52 70 61 28 82 53 82 
40 10 9 1 0 92 39 23 33 84 65 39 20 99 53 68 18 77 98 86 40 33 69 88 19 70 57 87 53 67 81 62 95 3 62 3 58 67 77 94 10 48 19 63 67 56 38 85 43 76 15 20 1 49 6 90 20 31 60 47 46 22 18 94 70 1 92 20 49 80 84 18 84 53 21 86 18 25 74 2 23 79 61 71 61 32 94 76 78 8 4 73 53 17 11 47 15 28 76 0 59 47 93 56 65 67 38 89 86 35 40 93 2 42 49 86 46 63 8 18 99 24 16 90 97 4 87 84 50 91 48 91 15 36 90 89 49 52 64 3 39 66 6 43 47 39 99 10 85 15 38 47 61 38 3 53 22 39 33 95 
56 75 19 56 52 22 64 56 81 30 0 94 47 77 91 23 99 97 89 83 84 89 75 82 84 6 8 71 59 22 30 10 10 3 52 32 27 9 22 42 27 34 21 13 90 74 66 42 42 0 18 66 76 77 52 60 94 34 18 98 36 36 37 48 83 54 41 76 79 99 51 92 64 51 9 39 67 52 45 64 73 94 50 27 5 62 77 26 28 64 92 81 34 93 48 28 68 76 6 27 83 57 3 96 9 41 37 67 36 80 10 47 64 20 75 23 29 68 35 21 63 35 39 10 21 48 95 65 39 72 74 48 82 93 8 47 13 91 47 50 76 59 45 54 16 61 47 56 61 17 72 62 75 67 48 50 88 82 96 70 
8 0 24 55 97 82 26 3 62 78 34 9 98 22 29 7 66 45 40 10 63 93 21 63 92 12 11 79 75 46 77 74 44 15 0 96 32 8 43 15 72 27 23 57 46 33 55 93 67 15 0 30 4 32 62 87 16 85 62 97 73 41 43 16 47 25 4 14 51 43 90 0 86 89 22 93 12 63 53 45 40 95 65 58 55 83 11 99 16 5 18 21 33 2 7 66 66 95 62 97 26 49 62 71 73 29 82 71 97 78 47 86 86 0 67 91 87 16 48 42 59 60 9 58 7 36 2 40 68 79 12 23 12 92 11 83 44 7 96 83 42 71 24 60 84 38 31 59 39 7 64 38 71 35 69 5 91 10 88 48 
35 0 6 31 67 84 19 62 46 87 26 78 81 40 70 54 80 93 83 93 34 17 29 84 99 53 8 11 78 33 18 43 94 71 61 45 26 1 99 9 17 54 87 83 58 71 8 26 43 58 45 15 69 80 45 13 70 52 6 40 87 19 79 6 16 83 28 75 5 35 51 41 36 80 76 23 60 44 11 54 48 17 76 15 53 90 26 77 47 76 15 24 92 58 78 94 78 47 26 61 67 73 93 6 57 36 98 66 19 88 49 34 68 60 50 47 74 70 70 6 82 86 37 52 76 5 81 46 39 77 88 51 39 31 48 48 59 43 98 39 69 56 58 97 0 10 49 66 92 65 13 52 81 20 90 67 24 80 50 84 
84 33 76 18 29 30 41 61 35 3 55 36 57 19 49 75 90 18 4 89 6 84 64 88 86 90 9 88 45 39 84 77 77 28 63 10 29 77 31 45 74 20 13 87 7 0 28 74 59 47 14 12 47 88 66 10 87 87 91 92 60 81 49 44 41 25 82 49 47 49 31 70 38 50 53 43 59 72 67 26 76 60 87 54 6 91 62 81 24 90 14 46 93 89 5 41 25 6 43 22 90 41 35 89 26 80 7 12 41 14 60 34 15 99 7 47 35 60 70 12 62 76 91 7 35 83 84 48 16 85 43 95 63 22 63 8 87 65 87 70 76 93 37 10 96 50 10 34 45 25 72 70 26 41 57 93 86 56 52 25 
25 2 83 98 44 70 95 1 12 31 66 28 17 34 64 49 23 31 46 24 21 53 42 86 78 48 60 28 14 68 28 12 79 53 11 80 23 50 15 16 1 94 0 53 32 35 33 88 18 24 90 5 0 71 17 54 57 65 90 21 77 1 22 88 71 88 88 25 38 68 25 86 49 84 55 35 62 57 55 0 99 64 28 21 74 44 88 62 17 83 82 58 9 5 52 80 17 29 61 30 87 58 20 64 29 85 51 5 78 3 36 79 68 62 79 84 70 24 86 65 59 65 14 29 6 38 72 84 58 38 94 45 84 63 38 63 48 92 69 32 45 27 65 40 62 52 22 76 2 11 44 37 99 77 12 23 76 95 46 65 
39 64 3 14 92 46 89 23 31 99 35 31 11 38 62 36 40 65 92 81 33 61 70 31 97 27 40 39 25 73 83 71 81 96 26 2 16 96 27 51 30 68 39 94 75 73 10 10 50 23 12 50 33 61 75 2 85 46 22 9 21 84 62 97 1 44 30 64 12 14 4 58 4 77 29 13 11 67 79 89 84 84 91 12 23 68 88 14 26 33 5 90 84 7 12 45 38 47 6 85 48 89 94 48 36 0 24 63 77 78 28 99 44 94 66 65 88 56 55 83 93 83 83 80 86 15 95 63 35 64 93 40 61 69 87 66 41 11 7 68 98 19 95 43 31 16 81 98 93 70 4 23 7 71 44 57 45 19 88 53 
69 74 20 12 34 76 95 30 60 69 87 18 42 94 46 9 19 23 30 26 71 71 36 38 78 71 1 42 0 61 64 97 82 58 99 41 90 25 69 50 5 59 78 89 83 5 28 13 77 79 41 11 40 59 21 3 41 42 52 89 24 79 28 41 72 34 32 33 89 86 26 69 69 83 84 87 43 9 7 92 54 72 83 78 10 67 15 57 11 99 71 49 69 40 85 11 91 13 55 4 99 18 38 56 92 27 52 65 44 53 87 60 72 44 41 60 85 14 57 85 90 2 46 69 86 80 65 9 55 94 11 41 29 15 89 5 66 85 2 68 13 20 8 47 97 31 10 50 15 59 98 79 13 30 39 0 82 51 37 1 
22 58 22 9 4 40 65 89 1 69 50 0 2 62 17 52 58 27 30 25 18 38 22 10 63 92 44 79 99 74 92 70 69 58 31 88 29 2 79 40 20 62 79 35 87 16 91 78 35 36 46 98 66 8 17 27 28 23 43 12 37 35 39 28 83 6 1 30 33 87 99 24 87 37 87 6 40 20 63 98 76 67 5 31 87 38 80 59 74 51 65 33 69 49 60 40 52 1 48 17 43 61 8 55 71 46 21 28 83 52 33 52 92 98 45 18 68 72 17 61 47 54 17 30 57 11 91 35 46 43 54 54 20 41 63 30 67 96 53 36 69 51 58 4 27 66 21 49 10 92 29 80 9 48 25 8 0 73 63 6 
22 52 20 94 0 74 46 87 93 78 98 89 24 27 7 12 24 27 17 89 20 97 39 41 69 16 16 25 40 81 97 78 66 60 79 97 19 61 51 1 81 31 96 29 6 65 65 14 68 81 1 38 46 45 11 87 71 91 99 58 42 84 8 28 94 11 59 96 23 69 16 53 31 91 21 28 70 1 70 61 64 47 73 23 38 81 51 45 38 2 59 94 8 4 82 99 0 55 61 69 14 14 60 70 7 30 74 64 84 67 86 40 19 59 97 33 33 9 13 64 53 46 40 45 60 12 70 1 98 51 28 12 17 44 22 50 2 36 57 82 51 61 83 90 29 46 7 71 64 22 42 63 92 55 31 76 26 87 30 46 
23 27 66 87 55 43 73 4 12 18 47 34 87 8 88 29 35 31 14 28 57 43 35 0 35 91 34 11 93 55 18 48 8 68 30 14 27 74 92 16 90 9 64 51 14 53 47 58 64 50 51 59 47 67 13 12 54 28 50 29 72 46 55 29 96 25 91 5 81 82 65 71 45 40 75 52 39 69 24 27 15 27 60 76 76 21 78 47 79 79 28 28 42 17 88 82 89 60 36 44 87 54 1 99 11 14 39 22 43 91 47 12 29 94 28 29 94 35 46 73 44 98 41 48 79 95 55 7 27 28 57 80 63 31 41 96 46 29 31 49 31 53 9 98 66 68 8 83 12 88 25 13 21 65 29 81 49 19 44 40 
34 74 55 79 37 64 96 48 84 25 39 75 42 78 43 7 75 62 55 84 47 89 84 25 13 91 46 55 19 37 78 18 63 80 86 98 19 71 48 58 28 52 38 45 96 28 32 51 64 76 64 63 14 78 68 11 47 77 6 81 87 47 0 36 97 39 30 10 78 15 81 16 42 65 73 45 39 91 33 92 77 28 20 78 49 21 51 99 26 92 24 54 6 71 86 67 68 94 18 66 45 46 68 27 57 23 84 84 90 82 84 77 10 37 90 94 19 77 39 44 46 30 94 84 56 46 68 90 36 27 50 68 76 88 45 93 54 17 75 35 18 51 57 14 38 48 77 1 37 46 36 63 56 19 31 37 77 22 43 34 
4 96 28 77 43 90 41 85 65 18 69 4 11 47 54 75 34 52 25 45 71 56 39 15 0 86 4 65 55 66 58 23 3 83 78 24 96 83 72 57 24 72 73 24 70 90 0 85 26 17 48 21 85 52 74 58 12 47 41 85 32 8 84 60 18 52 38 77 20 67 10 85 73 74 86 3 37 26 34 76 40 73 60 40 0 57 47 13 87 44 85 79 9 6 85 55 62 25 10 88 8 75 55 92 31 81 8 37 57 57 79 52 33 67 12 5 51 91 32 43 5 47 25 64 12 4 10 58 3 82 60 5 36 19 30 63 71 88 67 78 33 28 14 56 19 39 91 11 22 23 25 78 25 47 10 15 91 46 12 70 
21 83 91 78 0 92 76 52 57 30 59 62 0 60 96 4 13 97 82 14 67 74 64 67 17 74 76 42 13 30 66 2 63 24 20 15 20 0 84 50 92 56 59 16 9 77 92 77 56 7 66 14 81 36 44 66 55 18 92 95 30 9 20 94 87 76 81 67 18 89 71 62 31 67 2 58 43 48 19 68 4 51 84 76 58 72 47 6 44 28 28 46 25 68 69 17 87 35 35 65 56 5 85 15 20 70 31 69 31 70 85 72 69 93 72 15 34 73 93 11 97 76 46 26 55 80 89 91 2 39 52 24 62 2 99 40 38 50 77 54 63 83 30 88 31 60 94 92 68 27 77 21 8 82 8 46 34 44 50 42 
53 99 8 56 31 26 18 24 6 7 31 3 24 65 13 23 40 1 4 97 35 11 80 67 56 98 67 89 92 6 9 23 66 2 94 74 63 5 42 75 84 45 56 26 37 91 82 95 50 38 11 19 68 79 6 31 51 95 50 21 93 58 40 44 14 13 9 37 69 74 60 51 0 39 82 64 37 16 0 2 86 49 26 56 97 90 53 28 17 41 20 95 55 13 0 1 67 86 92 86 6 19 15 47 10 58 28 13 20 75 40 43 87 55 5 61 70 16 4 73 42 84 8 72 11 73 51 45 98 43 35 11 94 26 26 93 85 59 6 53 41 87 33 48 31 37 91 21 58 92 70 2 32 54 71 99 93 91 22 34 
97 74 15 82 23 15 18 91 80 47 47 29 80 11 29 92 10 43 5 53 62 34 15 59 88 39 27 83 55 22 89 81 54 68 5 7 30 27 5 66 27 70 56 92 11 40 82 59 62 73 57 46 58 83 86 55 89 44 45 52 52 88 70 90 14 76 79 68 95 8 91 35 61 97 7 49 83 27 20 45 74 57 8 97 91 26 29 8 62 54 58 45 83 68 37 37 23 30 66 78 61 5 92 6 67 97 43 75 10 37 36 2 98 66 40 4 39 42 91 56 44 22 63 12 64 94 54 21 86 71 26 20 44 56 57 20 76 81 1 68 8 68 57 5 0 19 27 94 95 4 98 80 35 16 94 84 6 62 38 65 
84 53 93 82 1 90 14 20 21 15 18 3 67 23 20 41 99 45 29 68 91 84 39 20 78 96 18 28 61 87 27 0 66 92 36 58 65 49 40 98 9 34 90 24 84 31 52 66 68 18 23 33 19 30 49 9 22 63 97 67 24 52 3 60 43 78 33 19 89 12 80 8 24 43 64 29 5 36 68 56 87 23 78 26 25 99 54 34 13 79 17 3 43 80 52 80 25 45 75 42 67 80 51 43 25 81 62 45 1 6 67 32 83 8 56 49 71 17 39 98 37 85 42 54 91 16 61 56 99 38 47 8 21 10 82 59 36 22 25 2 74 55 58 33 42 32 60 0 6 13 39 83 4 96 24 92 98 7 22 92 
25 97 69 73 62 22 89 65 16 69 10 33 93 23 56 49 61 15 95 95 92 10 67 26 68 40 63 53 69 47 58 24 30 86 99 17 71 99 7 3 93 26 20 2 35 17 93 57 17 16 14 68 44 92 16 11 16 0 4 25 50 34 25 98 10 90 82 84 46 83 89 70 65 31 47 68 45 48 85 5 78 11 43 85 34 53 87 75 91 25 8 18 13 91 17 65 35 9 74 48 12 49 53 27 49 99 46 24 59 32 57 35 77 99 4 3 81 8 91 21 33 87 95 62 40 27 76 85 52 67 81 80 68 60 37 17 45 57 40 64 4 83 10 0 48 23 62 95 24 51 97 75 48 43 12 86 43 52 72 79 
44 77 56 44 7 61 74 29 82 8 39 18 83 77 69 6 22 79 53 40 39 8 59 17 48 34 62 27 31 56 32 54 18 79 12 54 6 89 12 3 43 26 52 77 96 18 52 22 27 49 87 42 0 85 20 18 15 7 93 49 37 77 55 16 93 18 56 82 59 35 44 54 66 90 36 23 69 92 98 58 22 78 24 64 22 89 75 16 6 36 98 18 58 85 11 40 76 56 88 92 48 53 94 22 71 5 23 4 75 86 23 54 43 0 12 53 56 17 57 95 37 18 50 48 93 96 56 6 78 8 24 37 73 81 74 52 93 17 52 26 98 25 5 18 59 51 41 11 53 44 54 61 63 50 43 30 19 8 92 64 
58 71 97 38 24 22 70 5 79 21 14 15 77 67 37 94 5 86 13 5 66 96 70 16 32 56 77 74 53 59 7 49 26 67 53 87 95 73 48 77 11 83 0 78 99 42 23 84 72 19 28 61 47 91 2 96 95 38 18 70 2 92 2 52 59 29 34 16 92 57 45 0 13 28 82 16 54 53 55 96 6 18 17 99 1 18 96 91 55 55 80 59 88 13 38 98 53 82 48 16 91 37 40 67 29 43 85 92 35 51 22 44 84 74 41 25 49 7 10 25 5 28 53 48 94 71 94 33 54 68 33 59 87 78 61 52 56 72 43 17 93 11 93 77 30 53 6 42 38 93 17 85 84 73 67 33 37 91 42 59 
36 93 40 48 9 88 17 98 17 89 27 10 98 99 52 3 38 48 80 83 52 93 97 69 90 70 9 97 15 44 12 54 15 56 72 88 60 49 18 32 60 55 11 41 68 34 74 72 24 46 50 30 88 19 62 5 97 6 1 92 97 47 5 82 19 79 28 23 66 24 30 45 52 78 52 57 11 49 19 46 0 92 49 46 29 1 50 28 69 61 61 73 67 79 34 62 73 38 12 85 75 10 1 55 3 39 26 31 93 62 55 39 59 3 37 6 16 87 15 52 17 92 29 41 44 85 7 47 23 63 54 84 73 55 31 4 65 63 36 45 17 54 28 49 12 10 98 67 63 17 3 18 57 59 79 23 64 8 3 91 
96 6 16 84 72 8 70 66 10 71 33 89 63 5 72 46 40 16 36 0 85 85 68 99 84 88 27 32 70 31 30 75 86 62 93 44 8 60 70 27 48 75 4 58 44 41 15 79 49 84 94 65 71 28 6 37 5 29 35 76 54 71 9 90 44 5 14 50 55 57 3 44 94 17 21 10 97 65 23 81 85 49 74 86 13 3 24 39 55 59 71 83 68 5 14 30 99 66 11 36 10 58 53 80 98 10 22 53 16 31 49 8 85 62 58 89 52 52 70 66 93 33 2 85 76 76 94 39 85 38 24 11 40 68 51 40 52 88 66 56 64 83 34 21 88 72 59 0 12 74 66 28 11 93 37 73 30 81 19 32 
61 56 69 56 24 50 58 65 43 71 61 50 44 13 58 21 34 24 3 82 9 8 72 10 14 28 5 65 74 60 16 26 75 73 21 74 1 8 13 23 92 8 89 66 18 72 49 0 16 90 69 9 18 95 49 21 93 37 30 10 92 17 75 26 65 42 36 92 84 43 55 59 87 16 71 25 47 70 88 77 10 1 49 53 27 98 65 78 56 47 61 53 39 35 44 23 89 3 48 90 68 22 15 89 68 59 99 16 5 75 27 1 63 62 50 70 29 2 82 20 9 54 13 15 46 22 5 88 73 13 7 74 92 95 5 75 38 88 59 19 80 54 95 55 9 14 43 33 41 83 49 12 34 46 77 83 26 33 18 95 
0 64 86 26 20 68 31 43 58 83 47 67 58 83 47 41 62 8 70 48 67 26 81 50 79 28 63 71 2 59 71 92 90 71 12 58 98 70 54 12 23 52 77 34 4 62 24 81 81 61 59 43 79 90 16 27 20 29 7 25 31 35 50 20 27 24 11 43 9 85 76 97 10 54 22 24 68 62 35 99 58 64 11 19 50 67 40 89 15 11 0 1 59 91 76 37 4 86 74 98 4 96 23 86 12 3 30 71 37 44 68 10 5 75 93 58 54 28 50 62 91 46 14 81 90 50 80 96 62 85 83 85 47 59 43 25 12 35 91 22 75 78 69 39 72 91 97 70 24 63 8 23 0 93 45 3 25 83 42 55 
73 60 63 72 33 93 28 91 32 43 51 74 52 64 90 67 51 78 58 1 8 9 52 65 73 16 0 63 53 64 78 94 76 37 76 79 44 73 65 81 24 44 60 18 8 95 29 45 27 49 80 82 3 84 97 52 93 59 89 64 0 26 17 39 88 37 22 78 10 90 73 38 26 49 33 66 21 44 66 90 91 82 19 33 15 97 50 32 67 87 76 80 58 32 14 92 13 89 26 23 16 97 73 47 23 47 59 16 36 17 80 49 82 38 51 35 33 34 16 49 63 57 5 59 27 4 53 94 50 47 24 68 90 38 45 18 17 35 17 41 81 77 55 20 42 45 67 63 23 85 21 90 91 82 55 66 86 71 8 62 
98 81 94 94 51 82 58 5 75 85 50 63 30 63 87 73 3 2 86 23 60 84 32 66 1 86 10 18 64 59 40 52 71 66 55 42 82 74 54 72 33 51 7 37 56 87 69 55 46 32 85 30 54 11 62 22 70 27 46 90 18 84 18 90 79 59 51 22 68 4 4 76 1 38 22 22 50 49 0 63 5 96 72 18 35 2 33 49 69 11 86 13 62 29 96 16 29 17 57 20 43 0 97 56 36 70 75 40 99 52 5 34 41 71 97 89 21 56 43 75 88 89 42 19 26 41 43 1 25 24 31 27 83 87 7 8 79 23 2 83 48 47 19 36 85 30 33 19 1 69 58 32 68 57 55 25 91 10 69 67 
77 2 64 62 45 9 38 41 99 84 4 68 1 95 72 69 33 50 18 56 61 0 58 19 96 41 29 39 8 70 77 45 40 80 71 57 88 63 57 70 74 2 24 26 27 30 62 74 84 43 15 25 78 35 33 4 26 1 38 27 21 97 88 75 96 76 83 72 59 43 22 64 7 20 9 7 14 38 67 13 73 98 10 31 63 93 16 47 39 16 28 90 99 28 79 36 21 98 5 73 23 46 99 32 35 94 45 90 79 97 95 75 67 82 59 23 58 33 96 54 66 63 5 90 51 75 99 51 25 70 45 84 7 89 24 26 21 77 28 3 40 99 47 36 4 36 65 41 14 44 50 35 74 45 86 43 88 56 87 26 
57 92 41 51 44 39 54 55 82 61 58 55 73 20 58 26 31 8 47 40 37 71 40 3 3 10 87 71 67 4 13 22 82 17 53 12 33 91 31 95 81 4 16 80 42 25 94 9 64 34 79 66 59 50 74 9 42 36 86 40 18 99 27 42 4 20 81 91 37 83 75 73 79 60 10 35 98 11 97 50 4 41 11 58 93 86 27 61 92 45 38 83 1 45 49 61 87 3 30 64 66 53 65 22 34 31 35 16 0 35 82 50 60 28 98 13 13 63 99 61 78 49 79 23 61 57 25 63 32 42 35 40 66 18 49 31 0 8 55 26 43 13 35 91 61 12 49 23 19 28 44 60 38 47 43 90 28 61 72 25 
32 44 31 31 28 90 96 21 88 41 10 53 72 68 1 24 96 40 84 2 79 24 12 92 77 9 91 99 43 66 73 41 98 74 99 63 31 51 79 49 99 22 87 81 57 53 36 46 43 18 70 3 52 13 31 53 83 68 89 0 70 30 33 88 60 33 68 94 58 87 92 44 86 47 85 97 70 98 53 81 22 43 33 14 45 94 80 12 56 0 57 78 77 49 31 15 13 74 70 42 55 36 56 65 42 79 84 55 66 78 96 5 67 62 92 45 21 12 98 83 58 71 43 92 91 49 62 3 91 23 94 23 42 38 89 42 77 1 48 52 82 37 90 98 55 60 32 47 30 63 32 27 59 43 61 34 67 57 72 8 
5 83 99 89 15 16 83 35 86 7 28 26 99 70 42 15 28 12 46 90 59 75 58 2 67 19 40 25 33 93 97 87 19 20 30 24 10 3 68 14 16 93 5 30 61 19 22 82 65 16 52 55 5 36 33 82 27 35 75 65 39 78 79 54 54 47 28 46 5 82 44 77 93 11 61 41 55 77 40 36 82 35 54 27 24 99 28 32 43 10 16 99 67 10 24 21 51 63 81 4 14 95 70 97 95 87 45 25 7 73 32 0 77 27 43 43 32 40 48 40 32 84 37 76 53 70 1 6 88 74 33 19 45 58 49 99 10 19 15 43 32 99 84 31 49 30 79 63 2 18 10 20 74 41 77 46 2 48 92 91 
35 75 48 5 82 77 15 92 78 3 39 94 9 3 30 46 53 88 64 55 8 3 91 18 28 62 13 41 99 54 5 11 13 35 28 52 37 76 12 29 16 30 24 57 79 11 38 78 76 16 43 90 13 11 42 23 92 32 2 98 74 58 73 13 19 39 35 63 15 37 59 86 92 39 63 70 22 43 51 88 42 57 40 6 21 43 19 39 40 62 41 16 10 70 68 48 51 65 35 68 10 44 44 25 19 6 57 17 27 86 5 61 63 96 1 29 46 40 21 68 58 6 63 32 9 81 93 25 42 26 95 37 6 99 74 62 48 47 45 42 90 96 27 61 5 53 88 95 88 37 38 57 63 4 24 5 28 56 86 46 
60 75 97 37 40 37 18 86 95 8 87 31 1 62 47 0 99 12 66 31 80 84 2 58 34 17 18 97 55 89 62 84 18 91 33 74 4 65 95 27 51 95 29 42 44 36 30 78 48 50 98 40 85 68 68 47 77 84 84 17 26 82 80 83 61 74 15 86 50 7 78 3 91 92 67 59 92 44 6 49 82 93 29 8 59 55 74 51 64 3 45 64 25 41 74 62 46 48 53 83 50 13 58 5 41 5 34 69 72 27 27 31 56 6 36 63 47 60 13 94 10 58 42 55 93 25 2 8 8 67 69 41 75 25 44 35 4 21 19 4 17 79 4 8 54 50 51 16 87 52 19 6 10 11 79 56 69 13 85 37 
90 18 34 27 9 75 70 65 16 73 53 81 27 62 43 75 29 99 98 57 21 46 26 21 77 74 61 2 89 37 21 3 87 26 93 61 0 61 85 1 70 42 25 27 38 65 52 36 2 35 22 71 46 85 16 44 71 34 16 46 17 39 61 99 12 96 24 97 56 38 21 74 44 71 65 24 81 80 32 3 27 32 28 43 76 34 85 11 16 78 37 36 72 84 64 86 0 99 11 68 29 54 42 5 58 55 68 54 20 88 2 80 0 6 42 34 24 67 96 60 52 7 3 80 70 48 71 72 42 74 91 95 33 64 95 79 61 88 60 94 22 12 82 3 31 26 51 11 29 15 35 66 31 52 3 47 97 4 33 18 
