0 96 94 57 19 56 16 91 67 63 95 77 86 51 22 87 42 3 80 26 
63 47 95 70 19 78 18 42 1 84 86 73 37 17 96 90 99 25 34 98 
69 12 71 87 55 68 79 14 51 69 84 52 83 46 68 26 45 2 50 72 
7 11 4 79 43 77 40 15 0 45 42 90 68 51 34 96 76 12 80 97 
11 18 35 40 70 93 16 7 78 66 66 75 0 95 45 3 60 89 60 32 
40 61 46 3 1 98 38 91 81 73 89 80 74 20 0 91 42 57 55 78 
17 31 18 63 43 10 32 20 25 19 22 90 53 78 66 11 41 46 76 65 
23 20 51 81 49 78 55 28 15 80 24 0 3 62 88 68 48 72 76 19 
46 25 62 25 92 31 50 37 53 5 61 29 35 15 68 94 47 95 27 93 
72 15 12 19 72 67 31 12 69 39 27 18 15 52 28 4 17 32 99 92 
52 66 16 58 78 64 14 36 26 91 48 64 86 37 69 82 98 30 10 44 
12 13 93 96 11 29 2 34 55 58 49 33 0 61 95 25 83 29 48 53 
89 89 87 98 30 4 24 61 12 70 30 24 53 19 47 27 63 53 23 79 
83 96 31 61 23 60 16 15 20 27 0 15 6 61 0 68 41 37 42 56 
87 45 92 6 4 4 15 99 27 90 91 88 70 26 74 74 30 66 92 19 
20 27 84 3 2 0 60 2 22 76 58 52 70 8 35 25 45 80 5 93 
54 12 12 91 86 74 22 70 92 70 63 94 90 62 51 14 35 3 41 87 
46 45 19 24 72 66 48 6 80 60 27 16 42 90 32 78 26 24 88 38 
21 38 25 31 4 53 5 13 20 27 13 34 33 12 71 5 95 53 3 25 
73 64 56 45 19 34 49 67 66 3 11 59 38 2 87 19 55 49 97 17 
