7 45 20 68 49 28 60 69 43 25 88 95 78 93 9 90 22 32 73 38 66 69 57 80 32 64 17 73 70 19 83 52 2 84 59 23 31 27 66 72 
36 37 17 76 93 13 60 58 45 26 38 5 91 43 36 16 22 98 33 28 82 30 6 56 97 30 70 23 81 78 40 24 3 17 99 10 92 48 58 19 
79 12 64 41 40 41 74 64 82 17 54 98 5 77 50 69 29 79 98 29 41 11 17 31 38 9 68 88 28 77 51 64 72 48 88 42 84 56 23 90 
77 88 12 71 38 31 98 50 31 34 17 8 88 30 33 32 36 58 0 66 66 4 42 91 18 68 95 7 3 39 96 51 98 81 95 44 90 85 34 98 
69 31 75 95 30 78 23 34 19 92 87 76 98 53 12 84 97 54 3 93 57 85 37 11 19 52 80 50 92 12 24 39 3 20 53 91 12 96 31 97 
49 61 34 7 23 79 5 69 48 41 54 64 11 0 84 46 6 60 71 69 0 34 41 72 31 68 76 65 11 12 21 46 94 45 50 67 43 44 94 22 
69 44 95 57 46 6 53 69 14 54 74 62 14 16 98 29 19 37 7 46 55 71 40 41 5 36 23 75 57 25 70 40 6 17 17 18 42 94 92 6 
63 57 46 56 8 38 63 64 58 89 53 17 76 62 21 81 56 41 50 48 26 4 67 22 2 97 83 87 91 74 13 85 27 84 13 44 2 91 36 60 
73 49 98 82 6 36 8 20 23 11 52 67 20 19 62 67 89 63 56 34 79 75 74 23 32 57 48 85 15 17 93 30 35 50 39 96 83 9 70 6 
37 40 42 27 23 73 52 35 68 83 86 37 34 97 29 17 1 83 80 10 99 20 53 65 69 65 82 70 66 76 97 70 41 78 90 53 35 28 29 44 
17 79 38 81 21 71 46 26 55 53 60 8 88 80 62 27 65 56 40 67 99 94 98 52 39 75 3 46 10 3 90 94 58 93 85 74 51 40 70 77 
70 59 7 46 58 36 85 66 39 6 92 17 60 88 45 13 56 97 23 12 10 76 83 47 15 23 74 87 36 74 68 67 51 60 29 58 32 7 21 63 
74 3 70 74 92 70 90 50 87 88 65 62 87 52 84 96 38 94 63 16 24 41 12 33 80 16 30 5 15 22 69 41 46 98 51 0 38 9 75 4 
19 79 63 41 29 12 26 70 22 58 81 73 86 46 36 79 24 33 46 87 89 42 61 53 87 46 67 52 58 46 9 84 11 10 11 18 55 91 28 13 
78 30 39 84 6 95 73 94 55 55 68 83 76 59 25 22 55 88 63 76 13 5 67 35 9 55 98 73 34 75 13 7 45 11 68 84 54 39 72 20 
0 12 22 72 40 2 81 45 54 67 81 48 85 32 34 28 27 8 46 67 47 5 72 43 60 38 95 58 59 71 51 70 64 79 92 46 35 74 29 37 
3 49 79 66 6 83 93 79 27 40 72 82 47 75 1 8 15 69 10 52 8 78 95 22 81 19 14 83 79 49 88 74 56 13 53 29 28 1 42 67 
92 74 19 3 83 96 89 58 58 66 17 56 78 97 55 60 59 57 86 40 93 10 39 23 18 87 95 90 2 73 25 20 78 5 84 88 0 65 65 30 
68 91 94 66 69 70 49 58 79 34 30 4 32 66 74 79 43 45 0 5 54 52 10 90 89 17 92 86 85 24 16 53 79 9 85 86 72 2 9 73 
11 59 26 98 21 0 72 32 98 99 25 75 26 15 81 4 12 69 33 41 92 82 96 55 26 26 47 23 45 82 82 56 89 56 52 64 36 8 87 8 
75 88 31 46 1 37 87 57 52 26 99 75 27 57 28 70 33 52 73 45 50 19 78 21 19 14 41 0 48 49 79 12 9 62 0 45 70 65 91 54 
4 42 43 58 49 93 3 64 36 92 32 3 83 13 42 2 21 25 46 9 17 49 48 14 78 64 34 20 63 76 63 66 73 60 72 37 67 23 18 88 
76 47 51 61 64 38 23 61 53 82 73 46 31 80 17 90 43 54 74 29 15 14 51 82 90 86 61 26 11 41 32 2 7 12 54 74 44 10 99 52 
39 12 59 17 44 52 97 16 6 97 55 8 19 60 58 32 84 50 72 33 92 33 43 16 66 93 32 71 87 76 80 90 62 27 85 15 69 16 51 35 
96 77 93 94 63 49 64 95 83 18 46 42 33 79 39 82 87 61 74 2 85 76 59 1 60 78 13 69 66 19 84 73 57 5 87 42 43 31 54 59 
80 3 4 92 46 24 16 42 3 38 12 58 5 80 24 15 92 14 16 49 49 14 54 62 40 87 44 10 68 39 8 44 42 12 39 8 90 49 30 60 
17 31 97 61 73 56 76 37 73 8 71 88 85 29 6 92 31 2 82 70 78 29 54 46 11 0 40 9 16 72 25 6 68 53 60 14 90 20 7 63 
66 39 52 72 91 37 93 56 9 6 59 57 61 51 99 41 63 26 49 74 73 92 78 17 38 35 45 47 69 40 17 30 12 6 30 21 62 95 18 28 
67 69 71 24 20 49 40 54 48 79 3 22 3 2 90 27 97 6 94 74 33 8 29 2 17 62 36 97 13 2 54 41 3 23 64 31 9 97 94 39 
45 77 73 38 12 66 70 98 67 38 35 24 60 98 60 55 10 52 83 65 27 43 96 50 16 11 79 14 77 14 21 6 77 83 94 76 27 24 25 60 
55 24 37 59 15 23 26 20 0 17 18 62 61 29 51 21 14 47 67 4 32 58 37 11 53 97 14 29 57 68 0 42 40 67 21 54 15 5 77 67 
99 42 81 65 99 28 0 92 15 28 11 87 5 51 45 69 94 81 90 98 37 31 99 49 12 41 66 12 1 63 36 19 76 42 73 52 88 63 39 8 
54 20 43 2 9 41 56 46 92 16 2 37 38 2 59 13 93 42 29 96 32 2 1 77 67 59 22 48 45 45 83 38 9 52 0 92 83 10 38 5 
56 60 25 22 90 15 83 75 47 26 7 79 7 68 53 89 9 14 4 27 13 83 10 14 35 1 81 89 29 47 0 21 59 54 39 52 84 73 44 76 
21 54 9 44 40 55 78 10 84 36 99 94 47 21 27 39 49 56 42 24 29 26 8 72 23 23 54 58 50 26 80 22 56 20 85 2 12 82 60 67 
48 26 5 39 93 64 78 53 23 29 6 16 59 4 34 17 89 84 11 91 58 35 72 33 72 67 97 73 2 14 24 1 93 85 87 30 35 62 86 0 
13 6 24 15 62 86 24 65 61 17 55 25 7 74 2 31 85 7 5 93 61 82 32 15 6 56 27 30 3 52 39 35 41 77 78 20 44 42 38 60 
51 19 8 93 60 49 81 19 99 59 39 79 62 23 98 72 13 51 67 11 98 90 8 1 53 63 35 92 79 1 45 53 0 8 46 50 73 32 26 67 
54 41 56 65 41 37 3 16 86 29 7 80 29 32 58 43 49 13 60 2 55 69 26 85 45 41 92 46 87 41 91 78 90 55 48 27 80 22 91 14 
29 92 55 9 9 50 83 92 19 99 47 34 34 10 78 98 79 67 55 19 45 36 65 46 25 95 52 26 64 30 9 58 11 11 92 98 16 81 49 22 
