14 47 46 26 32 0 4 0 66 87 28 60 23 35 96 46 2 61 13 50 22 38 66 90 45 97 16 4 86 7 33 31 14 51 22 56 63 29 98 93 3 62 63 65 78 58 88 2 39 36 92 11 52 87 4 6 46 47 16 31 57 96 55 80 51 36 47 31 62 11 91 5 38 83 17 24 8 84 36 41 
47 6 93 95 10 89 32 21 86 68 42 21 63 12 2 88 45 69 36 73 95 8 41 59 75 67 98 85 22 34 13 48 70 76 23 93 79 55 44 55 37 45 6 32 33 52 64 80 37 96 12 73 70 35 0 6 84 70 71 20 56 88 80 48 87 58 35 39 38 45 21 2 93 0 49 20 79 45 92 77 
92 90 41 65 68 25 43 78 38 26 66 23 61 91 56 27 0 13 79 40 42 2 62 3 19 37 29 88 68 85 68 7 91 88 31 25 7 60 10 2 46 9 5 56 68 94 49 55 17 38 7 64 89 10 99 10 67 37 85 94 88 55 36 48 51 60 3 49 67 13 46 59 41 29 58 9 50 59 87 44 
2 52 50 16 9 61 82 77 16 85 18 0 75 66 2 78 75 68 38 13 27 99 49 21 87 12 77 35 94 70 40 18 59 73 34 15 43 51 42 9 39 69 53 6 12 72 11 29 89 88 62 99 82 45 68 88 29 16 55 77 79 81 50 88 2 41 53 72 7 72 21 71 37 13 91 10 59 2 14 27 
45 39 84 73 26 51 41 17 7 99 41 40 97 23 20 67 96 23 24 81 59 58 82 22 92 48 1 64 50 27 6 97 81 63 46 14 93 94 99 21 0 42 12 70 95 93 52 57 63 39 12 93 35 82 87 76 60 66 4 95 25 76 3 38 19 96 62 26 66 49 30 28 97 54 40 40 15 60 14 18 
19 21 40 52 31 50 29 96 48 76 10 79 70 51 61 79 95 77 69 91 43 52 47 76 3 88 1 97 3 59 94 95 63 26 56 48 0 53 43 2 82 42 48 63 66 39 62 14 49 17 82 83 70 34 98 78 69 39 26 64 70 70 93 0 67 3 45 74 50 99 9 84 99 55 97 85 77 33 41 27 
66 10 75 3 98 12 9 6 44 1 63 7 7 21 17 63 90 33 14 17 88 10 56 4 61 87 44 50 35 62 27 47 73 1 15 63 85 95 55 31 67 63 58 57 35 80 50 71 19 72 37 97 94 35 70 94 34 2 4 13 23 62 5 22 52 26 56 33 36 83 29 86 40 9 87 37 22 64 65 57 
88 41 50 28 77 66 60 72 75 97 86 50 1 77 53 51 89 68 3 30 53 1 2 71 10 20 62 78 98 51 50 82 43 21 83 29 17 86 62 19 47 27 15 51 69 19 13 99 32 56 92 81 38 21 57 45 26 46 42 58 83 79 91 39 60 26 54 98 47 6 16 7 6 16 79 13 7 89 74 13 
17 27 51 50 9 81 91 18 31 96 4 47 91 82 25 73 36 23 69 55 64 63 80 63 35 96 31 83 68 14 88 96 88 83 69 77 43 83 34 75 48 84 33 8 2 70 99 54 66 49 64 11 52 62 48 87 91 54 77 91 98 66 9 26 57 1 94 56 37 94 68 72 17 24 34 98 23 87 70 26 
32 22 86 35 21 94 88 81 68 78 40 90 13 43 37 62 72 34 44 92 18 9 36 34 79 39 56 29 69 37 57 33 58 46 22 9 33 36 74 28 43 91 33 57 68 30 34 95 17 49 2 16 62 35 80 69 24 78 23 46 40 49 40 26 29 80 95 97 29 36 80 17 99 19 33 22 62 45 9 4 
78 9 59 64 54 26 2 64 68 22 88 78 62 72 45 17 96 63 25 37 19 86 98 81 69 82 82 47 44 89 33 99 90 86 1 20 23 36 20 0 23 13 16 22 81 23 13 97 2 34 23 85 80 41 35 77 54 25 42 9 40 89 91 47 83 25 11 73 96 7 73 89 71 74 17 52 76 86 67 6 
19 55 94 69 49 25 51 82 57 61 77 5 14 94 7 69 94 7 64 67 93 98 46 97 3 6 54 33 77 69 94 18 76 55 77 52 57 24 9 45 17 65 6 77 53 3 83 0 3 89 31 92 24 68 25 86 56 78 43 3 55 33 20 12 73 1 13 23 28 92 39 9 94 36 46 2 75 15 39 32 
29 43 29 21 99 11 84 29 75 2 50 44 52 99 49 24 14 34 8 50 21 50 94 85 85 6 64 39 53 16 73 72 0 16 99 5 55 65 5 89 54 16 32 95 99 83 70 87 50 68 97 70 82 12 9 87 75 95 22 24 70 70 72 6 93 36 17 14 20 68 52 72 12 81 91 88 8 90 82 41 
70 93 37 10 58 92 44 49 4 67 32 23 86 83 46 26 1 83 33 14 47 24 76 56 36 23 65 28 19 3 68 52 90 76 54 24 35 37 31 77 85 59 14 33 69 24 42 99 31 66 52 85 83 85 18 62 86 48 88 44 19 9 9 73 9 76 53 83 11 21 37 32 24 75 77 20 13 67 29 4 
3 27 78 57 39 2 52 32 41 32 13 55 51 41 41 38 44 66 85 56 61 59 21 35 79 91 72 96 39 19 91 86 75 65 92 43 24 42 10 19 70 78 26 8 63 58 15 79 20 34 27 40 43 23 61 17 84 91 49 34 11 0 15 36 72 80 86 21 44 29 58 25 74 13 7 88 71 8 99 23 
85 48 74 45 65 50 25 49 62 14 82 13 73 61 38 81 50 47 26 67 85 2 58 89 6 79 10 35 71 79 44 58 60 88 61 33 87 24 71 71 3 87 79 35 73 90 76 62 41 94 55 11 84 39 27 10 95 12 60 74 28 39 81 75 33 0 65 20 83 39 77 15 95 59 63 68 6 7 75 59 
74 68 4 6 80 18 55 7 23 44 18 25 97 10 80 45 12 65 59 41 38 80 7 72 91 34 26 63 30 17 67 26 30 20 63 26 6 88 56 3 35 35 5 62 6 5 49 9 30 1 91 87 63 67 17 35 48 47 28 27 60 13 77 79 45 36 39 56 34 88 38 65 65 67 52 64 40 3 29 76 
6 21 93 85 40 41 31 58 83 91 80 77 64 57 82 81 80 81 84 46 77 84 80 16 97 97 68 73 9 62 6 94 57 50 29 77 23 97 44 3 21 87 82 86 54 75 28 53 37 78 5 14 45 19 73 24 63 70 47 1 20 8 65 68 60 91 35 47 93 27 37 58 85 81 15 51 1 77 75 91 
60 75 56 2 43 29 3 71 15 77 92 81 81 21 89 33 54 66 43 43 44 68 81 0 83 31 90 11 68 56 94 30 77 84 86 0 75 25 86 74 63 8 45 2 45 21 62 82 7 68 78 46 81 42 50 92 28 28 89 6 78 71 46 84 31 52 82 90 34 34 78 9 87 78 27 31 31 37 18 27 
58 42 98 62 76 92 28 59 8 95 1 14 8 3 71 72 4 95 77 87 68 17 7 42 53 52 73 9 91 92 60 92 7 13 23 93 23 58 9 61 70 88 47 11 52 73 55 57 36 31 82 31 93 83 21 17 42 78 70 50 40 34 35 61 86 31 51 88 77 33 60 76 66 81 98 97 85 65 71 64 
93 72 92 34 89 8 44 28 13 90 54 90 89 28 87 44 49 20 72 17 26 77 96 30 2 45 98 63 34 2 22 81 33 3 74 10 6 18 71 26 89 2 18 61 68 93 94 10 98 8 10 32 50 3 12 33 34 12 29 18 1 86 44 79 6 27 62 55 67 76 69 58 27 2 45 30 58 73 29 24 
23 27 47 72 26 27 78 18 94 2 56 18 12 15 59 1 69 37 19 3 55 37 4 46 73 38 6 63 80 57 63 31 93 6 79 27 14 88 49 29 46 5 32 50 26 59 83 50 62 3 29 97 47 82 63 1 3 40 18 14 53 95 88 62 97 54 82 64 12 47 63 0 39 14 94 79 34 35 58 26 
11 88 35 22 98 87 5 78 23 98 61 31 92 68 33 18 27 77 98 9 31 1 45 1 67 35 28 4 9 64 2 67 98 4 33 14 5 89 49 76 76 64 74 99 68 70 84 66 19 87 29 53 80 56 40 88 15 1 70 82 56 71 36 93 83 54 82 87 30 35 10 3 80 32 64 7 90 31 81 25 
47 95 71 49 27 66 31 81 15 23 91 36 15 83 8 47 76 12 52 9 56 76 38 12 65 31 95 18 91 5 10 69 32 64 0 62 38 1 92 93 93 0 37 37 16 97 63 77 4 1 4 83 14 5 4 61 91 54 51 99 62 0 2 93 34 89 18 38 91 77 43 26 93 15 8 69 23 80 15 23 
58 78 68 71 52 62 32 1 53 16 19 1 91 35 34 21 97 53 40 3 56 66 22 2 59 59 44 59 99 37 34 97 90 23 44 68 4 3 23 92 97 7 64 32 62 8 96 77 79 23 56 52 55 21 87 87 99 80 24 48 98 31 35 85 33 80 73 67 95 69 15 54 59 11 46 42 42 81 67 36 
14 58 53 29 83 61 27 3 33 81 23 29 79 93 54 1 66 79 24 13 98 29 32 67 73 89 73 14 5 33 46 23 0 35 91 27 21 18 2 17 31 35 1 1 56 10 32 88 21 43 96 86 64 35 85 96 91 66 70 23 62 23 44 74 76 43 48 78 94 5 28 90 89 80 60 50 60 64 16 24 
48 9 21 38 66 0 66 67 38 63 45 52 57 29 1 98 30 17 17 87 10 65 65 24 74 32 25 50 68 38 82 10 28 56 48 75 89 13 41 3 94 71 55 79 71 50 92 53 73 11 15 13 90 53 81 33 93 10 54 55 86 11 98 39 32 67 91 30 80 18 64 1 94 38 8 38 95 11 83 38 
91 84 51 15 96 11 33 6 7 63 3 47 93 76 9 83 48 38 43 86 9 30 26 74 88 63 72 80 74 92 48 35 40 16 54 29 35 69 20 50 17 1 26 86 8 76 79 42 26 22 55 96 3 19 41 68 0 5 62 52 15 64 53 25 30 94 29 62 8 39 73 78 94 84 85 69 53 94 76 32 
46 77 29 97 83 84 62 25 34 99 41 11 98 77 89 68 5 55 87 8 4 6 41 93 25 5 30 28 32 28 3 30 26 57 11 76 87 63 3 18 64 55 31 32 41 39 28 17 80 81 64 52 84 79 86 87 98 92 19 4 19 91 33 87 41 94 33 61 1 61 96 61 26 30 49 5 8 57 53 4 
12 50 23 60 7 37 20 32 69 34 63 62 3 45 71 51 29 84 18 68 19 52 53 89 39 46 75 67 57 0 18 90 36 37 31 26 27 71 44 62 40 69 54 65 16 47 71 67 80 84 1 98 78 88 35 46 61 37 11 43 0 89 29 58 73 14 36 88 16 66 79 40 20 65 13 85 90 98 30 81 
3 46 22 60 25 27 34 2 73 59 11 17 31 41 63 46 79 26 76 29 12 86 96 63 17 81 62 7 80 30 17 87 87 99 70 16 28 90 69 0 35 94 94 37 68 43 8 28 28 47 68 99 19 16 66 98 7 0 27 95 48 11 15 69 13 99 61 10 25 9 47 60 10 72 48 53 74 48 65 61 
14 45 26 84 58 30 86 64 49 53 83 59 51 64 77 49 9 59 10 96 95 68 84 84 64 82 57 24 51 16 62 64 42 47 27 73 1 54 70 78 16 0 44 52 21 29 50 62 19 78 13 16 2 36 45 89 12 40 67 57 75 39 76 57 97 9 51 84 69 47 77 62 34 6 25 80 40 97 12 51 
93 14 51 18 5 45 70 84 13 24 38 7 58 33 11 52 10 35 37 67 76 26 7 84 26 2 39 68 84 11 18 39 82 84 38 29 55 70 85 40 73 39 26 15 66 57 20 31 91 82 20 13 67 22 53 24 90 13 8 30 26 74 14 28 23 21 19 79 41 26 80 58 82 37 10 33 11 52 72 90 
26 12 30 65 46 91 33 88 71 40 32 89 45 28 49 33 16 71 2 79 55 44 40 73 92 8 24 15 88 90 49 88 41 82 34 73 67 30 93 48 90 81 83 90 14 46 43 24 22 31 88 3 7 24 95 16 95 46 12 90 31 56 9 2 67 34 12 10 51 18 22 54 80 74 73 30 14 14 27 37 
45 79 91 81 62 73 80 44 91 15 80 77 9 33 77 70 67 81 28 64 29 84 74 64 72 50 78 64 23 29 35 66 40 98 62 9 43 85 51 83 36 98 78 62 52 16 1 80 39 41 82 43 19 98 76 22 87 9 86 68 75 90 75 10 82 26 23 91 10 17 73 27 19 19 97 34 1 9 21 41 
28 96 13 39 92 56 24 53 31 71 14 54 11 5 31 39 37 5 27 12 32 46 34 58 55 98 84 95 55 14 72 73 75 64 95 46 7 87 8 58 96 81 64 2 86 99 89 30 39 80 3 42 92 23 58 38 73 33 71 12 98 44 77 1 85 8 11 26 15 80 98 60 99 57 67 93 28 55 44 91 
54 23 39 94 42 87 37 70 76 22 67 11 13 22 45 8 21 13 28 10 54 85 46 0 56 92 37 78 17 91 96 17 94 67 63 65 58 39 24 47 33 83 8 85 87 29 33 20 42 9 58 6 85 33 0 7 76 33 98 63 44 29 69 20 12 4 15 68 32 11 57 98 39 53 90 98 2 94 51 60 
44 16 90 28 40 33 60 18 90 12 35 87 17 1 20 17 78 39 11 42 8 99 13 30 2 88 5 3 10 99 49 34 69 67 44 78 86 6 76 84 18 21 66 87 90 19 15 1 12 15 72 75 75 20 91 61 86 81 36 80 66 39 85 58 53 65 50 40 39 30 72 21 43 85 23 62 7 7 29 93 
12 74 2 34 25 19 69 9 53 40 81 82 9 34 9 85 14 3 23 46 30 1 74 44 12 53 7 67 95 66 21 77 55 77 18 96 29 41 70 14 69 96 63 37 58 55 56 92 11 56 70 37 1 85 8 39 51 48 10 14 93 29 65 77 59 25 10 64 88 86 8 81 60 68 49 51 10 58 30 89 
64 10 80 43 68 27 97 11 93 58 67 88 41 99 25 66 77 60 0 84 50 20 52 4 41 99 33 25 56 33 4 42 99 74 92 86 14 3 65 24 45 56 29 41 18 12 36 46 75 51 54 75 74 62 48 7 22 59 50 19 30 61 52 17 23 25 83 85 89 22 93 39 82 20 29 26 71 16 71 98 
52 83 63 16 85 50 32 57 92 45 85 72 52 44 90 96 14 47 34 49 59 31 99 52 76 59 59 40 2 67 40 27 16 71 17 81 62 0 19 43 22 12 94 70 32 73 92 47 50 23 81 84 18 53 53 11 5 12 81 63 72 21 15 77 40 71 66 91 19 22 15 43 62 77 12 73 14 41 31 2 
43 46 56 77 84 26 99 92 67 10 20 42 11 34 17 54 89 57 21 74 54 48 63 32 98 65 97 51 98 83 34 8 38 86 86 21 87 18 96 7 54 31 77 13 23 86 14 5 77 10 30 10 16 11 95 64 64 57 47 94 54 88 94 50 63 28 62 79 25 4 32 7 14 77 31 10 63 37 82 14 
70 82 44 11 1 58 45 73 67 71 78 32 8 70 18 73 67 79 76 16 43 8 38 33 55 97 95 24 17 35 74 68 93 40 38 73 58 95 11 11 74 27 73 31 64 56 47 47 33 78 60 28 14 94 51 75 93 33 73 91 18 50 79 13 63 8 52 22 91 44 18 24 12 54 17 83 24 16 61 33 
89 31 70 92 16 31 13 99 27 41 34 38 72 84 71 72 1 47 47 33 60 62 25 13 4 94 55 98 92 1 21 29 92 18 17 95 12 48 84 7 1 75 32 82 29 32 48 41 19 29 50 62 80 65 86 73 66 70 96 33 41 32 30 24 79 71 10 62 1 34 83 69 65 99 48 86 48 25 48 16 
44 2 46 20 41 36 82 33 34 64 14 92 91 48 22 22 98 22 11 77 83 37 2 55 3 55 76 78 48 73 52 94 41 27 70 83 8 43 38 32 5 38 21 63 59 88 24 1 82 69 65 41 38 42 9 94 17 1 38 17 53 68 96 66 28 27 80 10 49 29 48 40 32 18 93 21 47 46 11 24 
34 11 86 5 59 85 70 20 64 66 94 92 2 82 87 80 14 67 21 80 19 55 76 2 41 45 40 42 11 72 24 90 11 1 31 5 61 70 41 59 67 68 74 65 48 43 95 21 20 2 13 41 87 22 25 87 36 75 38 76 32 32 32 62 31 6 96 65 11 60 12 77 76 34 22 85 42 76 29 57 
69 13 20 33 33 81 20 40 13 74 57 79 54 79 77 7 40 45 87 77 36 43 20 16 96 6 69 94 6 90 31 5 8 98 0 61 50 8 72 96 6 53 45 68 57 75 23 45 39 18 36 19 79 90 16 64 36 49 82 63 70 90 31 53 55 41 92 44 43 1 84 99 16 46 19 42 31 7 86 3 
8 3 77 40 27 31 37 23 45 18 0 54 12 17 71 16 47 82 62 58 64 22 0 25 18 73 9 45 55 27 40 40 98 72 26 73 52 77 22 48 16 32 25 71 5 69 45 53 50 49 39 45 0 89 12 80 75 76 17 18 5 43 17 35 53 40 7 11 82 42 13 76 39 89 13 58 58 66 19 36 
21 11 32 85 42 27 40 69 9 41 97 17 62 42 22 77 94 79 34 74 18 60 8 73 72 78 14 37 11 66 42 16 39 83 25 39 74 4 26 47 40 58 31 18 86 87 14 38 98 64 9 43 47 29 13 97 58 4 18 79 59 46 21 14 48 3 89 8 59 15 63 56 38 12 83 13 86 13 75 73 
29 58 70 4 67 1 2 91 39 17 54 67 73 29 46 67 49 31 0 38 92 37 56 99 84 57 94 35 9 6 91 66 48 53 95 65 72 26 30 0 58 23 23 82 35 18 62 54 52 38 4 61 72 60 30 69 38 51 7 9 64 11 29 38 44 96 21 20 15 71 93 74 61 44 88 54 40 16 77 83 
27 64 8 46 12 3 29 79 81 96 48 12 50 53 39 0 41 3 76 56 39 18 86 99 63 85 31 98 95 28 16 60 19 43 66 7 86 13 36 45 77 55 37 85 66 91 9 98 88 94 40 66 23 28 14 57 3 10 64 67 14 77 29 92 21 74 73 75 87 7 57 97 21 38 44 36 38 14 30 93 
81 23 89 23 13 94 73 29 31 82 84 51 51 61 12 58 3 50 52 96 69 79 88 18 51 15 17 66 92 48 43 5 33 93 93 18 55 16 54 18 12 52 46 71 75 35 64 43 66 0 14 73 69 33 51 26 79 18 37 95 15 45 49 91 22 61 56 76 66 13 77 56 83 12 19 41 49 69 24 56 
45 82 73 73 37 42 73 61 28 9 12 23 66 31 93 16 43 81 12 99 17 0 28 5 99 74 89 40 67 83 16 53 37 75 60 60 25 13 62 43 12 57 21 90 91 74 76 88 59 82 90 3 45 54 82 35 29 49 21 80 91 58 23 66 3 77 16 48 38 62 24 76 60 10 40 99 12 56 14 27 
98 31 31 17 59 82 57 95 83 90 25 89 9 54 19 39 47 96 35 69 98 16 85 71 93 48 3 51 94 3 81 21 69 59 66 42 1 21 94 48 56 81 70 92 75 55 35 87 88 20 25 79 16 6 65 71 10 94 62 11 68 87 20 0 68 57 92 19 19 63 8 40 68 49 43 6 31 6 36 79 
51 12 69 73 67 17 76 60 98 3 18 13 0 51 98 13 12 82 26 2 79 60 19 80 26 2 78 19 52 49 31 76 63 68 44 73 48 6 41 34 15 61 63 26 17 24 70 97 36 71 85 51 66 62 10 13 28 1 4 46 24 89 30 81 29 72 87 49 57 16 57 66 9 0 62 89 31 22 57 49 
21 74 61 17 23 1 56 87 43 29 6 79 70 32 59 21 69 25 47 30 91 74 96 24 23 83 34 38 82 30 52 40 3 13 15 18 22 79 4 69 34 72 29 90 56 54 1 59 71 56 33 98 56 11 18 41 0 45 86 39 13 6 66 84 66 80 0 20 72 30 38 3 51 30 26 92 35 79 52 2 
72 88 39 80 23 31 62 73 18 52 87 46 10 14 4 35 70 40 2 87 87 17 58 29 29 39 1 31 62 36 85 15 8 97 5 71 6 84 50 45 97 57 36 41 7 43 39 65 77 19 41 79 39 45 4 19 62 55 40 14 16 53 93 88 81 17 12 72 47 54 89 49 55 61 50 42 58 62 36 21 
15 16 26 3 14 53 87 75 92 45 35 45 67 87 98 10 18 32 2 37 19 71 16 96 34 57 27 84 4 3 91 97 15 86 76 33 9 96 36 80 45 27 83 59 32 85 36 7 52 87 62 85 55 89 90 62 3 67 24 93 33 34 97 86 71 20 50 62 7 39 8 14 39 43 80 14 45 46 77 79 
57 68 71 38 97 12 66 81 52 63 61 90 62 90 80 38 6 47 6 21 96 70 13 45 36 64 65 72 60 50 46 57 43 13 93 70 26 56 31 90 29 83 59 82 77 79 37 93 48 61 69 42 87 57 18 97 3 72 12 89 60 78 41 59 67 21 70 91 99 70 6 0 9 87 94 99 48 74 47 91 
89 87 73 59 73 67 11 4 39 90 92 87 21 56 74 86 91 80 9 74 67 15 31 4 20 75 40 80 15 91 12 41 61 37 81 29 69 47 20 45 65 47 80 65 14 34 55 4 53 28 28 40 96 5 98 55 69 9 42 54 0 48 68 36 66 80 57 66 28 40 93 52 27 33 58 86 93 61 11 71 
46 49 64 72 45 57 61 53 0 0 12 58 23 14 27 59 26 91 17 6 79 87 7 96 43 26 82 73 78 12 73 12 47 39 16 20 28 99 63 9 9 87 11 20 8 70 64 47 2 82 18 35 24 49 50 71 70 79 82 39 80 89 84 9 23 93 71 52 26 91 94 57 71 46 80 97 97 27 62 63 
88 83 7 80 28 91 81 48 31 17 4 34 0 54 16 77 39 78 32 26 99 73 89 22 6 38 11 12 23 33 77 87 16 32 76 78 89 54 94 96 32 28 66 34 60 32 95 68 23 39 96 54 11 0 9 82 13 34 40 44 30 20 83 82 25 64 63 6 94 5 72 37 6 97 17 25 63 36 95 98 
9 64 30 6 23 63 6 47 89 19 34 70 36 64 69 89 80 16 32 0 16 77 0 21 42 82 21 72 49 53 49 96 7 28 77 32 39 58 3 53 62 25 75 88 86 61 67 15 38 19 90 58 74 3 84 61 47 56 78 14 95 85 25 48 90 35 76 88 7 77 47 65 58 41 64 9 36 28 65 28 
29 40 13 48 75 54 95 37 18 15 74 27 96 65 63 94 87 41 54 87 57 79 75 99 58 84 35 14 72 69 29 13 89 11 6 82 39 66 94 10 10 2 14 77 29 34 69 47 6 90 52 28 57 3 16 96 48 7 68 3 91 21 64 54 17 70 50 27 52 79 37 37 32 91 57 19 64 35 14 11 
1 51 50 82 81 58 29 75 89 92 8 34 6 68 16 94 9 66 82 33 13 9 2 93 64 46 91 10 10 13 93 90 99 58 69 45 11 84 63 37 24 53 43 76 69 54 16 90 51 48 85 18 40 56 42 45 15 81 27 75 28 99 35 23 59 1 19 61 11 54 63 24 73 96 45 17 42 63 51 76 
81 73 27 62 40 84 83 30 86 9 13 50 2 29 45 23 99 32 48 61 22 97 25 89 26 10 58 56 93 18 65 47 27 68 22 1 26 3 35 68 45 0 63 41 52 39 16 8 62 75 3 63 19 68 23 11 18 91 6 46 95 96 77 43 63 94 81 40 14 57 12 30 14 88 99 65 94 74 41 40 
37 47 36 89 69 53 72 31 24 81 19 53 4 86 12 12 18 85 41 1 12 48 87 76 5 25 71 14 36 44 73 11 98 97 85 33 39 45 79 78 2 82 44 5 99 49 35 27 25 57 24 58 22 60 75 68 92 52 4 77 72 67 82 76 36 24 48 53 32 67 40 73 60 67 10 63 88 81 1 64 
44 63 94 99 46 87 22 5 70 64 13 90 56 34 10 81 10 61 20 86 15 57 39 15 61 88 55 36 89 61 59 30 59 37 95 46 67 67 64 39 23 97 51 61 26 90 93 61 76 50 32 84 39 41 60 12 61 43 97 25 8 3 72 36 88 68 29 90 49 94 56 63 87 7 49 43 34 31 10 49 
46 25 4 81 64 24 98 74 51 58 68 14 98 11 15 84 39 83 30 60 52 50 1 8 90 58 73 21 25 21 71 56 37 80 26 38 53 9 28 72 67 21 57 11 90 61 14 76 13 79 59 73 18 52 78 10 76 43 74 86 7 90 10 71 95 23 69 5 35 27 5 90 48 78 73 24 82 19 74 45 
82 71 4 15 7 83 7 28 46 52 92 95 89 43 63 52 71 85 45 5 52 24 58 76 15 60 73 18 56 97 10 84 72 33 85 88 52 62 95 64 12 60 95 3 73 6 46 96 25 51 17 79 69 38 32 19 85 46 0 48 87 51 99 47 22 20 43 60 2 98 28 5 80 21 57 9 97 9 13 89 
66 27 84 77 56 42 75 75 24 77 79 80 2 27 89 58 45 46 82 94 12 1 10 29 2 75 23 39 71 30 22 88 30 46 61 95 92 85 82 67 54 12 86 40 91 20 80 39 22 97 37 96 52 39 6 12 50 34 80 6 27 16 76 40 92 3 79 67 52 48 75 7 94 26 42 87 23 98 40 37 
35 65 12 79 99 4 52 75 48 31 60 94 91 98 1 32 95 84 76 4 42 75 85 9 11 74 56 71 13 85 9 79 24 12 28 52 25 36 82 52 98 4 66 9 58 73 67 14 79 20 49 7 86 80 80 7 26 1 27 5 21 95 56 34 90 16 34 40 65 89 22 90 31 86 8 25 65 7 2 82 
51 47 55 9 42 45 40 74 7 5 47 94 27 1 69 34 68 68 13 87 87 54 24 72 12 42 57 55 48 29 80 53 1 10 28 34 19 53 34 75 20 36 34 95 71 44 70 97 2 6 55 21 42 43 87 8 65 39 28 19 49 39 36 87 61 10 15 52 87 96 94 89 61 21 81 72 85 65 86 96 
20 16 2 81 40 75 40 26 8 66 11 47 73 94 27 2 55 17 66 7 22 10 80 40 80 93 14 66 18 70 1 28 56 18 64 55 91 55 89 77 74 72 40 73 19 25 6 1 31 61 7 66 51 57 74 12 60 12 7 81 57 67 49 14 41 26 89 70 94 79 96 26 28 53 8 59 59 71 48 12 
0 27 98 49 34 8 74 1 50 23 73 6 31 21 4 22 68 87 2 75 70 61 75 64 56 36 45 27 29 82 50 61 91 36 74 6 83 23 63 14 16 46 83 1 7 40 33 13 67 44 74 70 66 42 65 7 52 3 45 34 96 4 47 46 14 53 37 89 77 87 95 26 96 42 77 45 40 67 37 97 
39 0 87 95 75 72 3 91 18 20 91 0 76 31 38 8 36 20 49 36 15 16 8 91 22 41 1 92 82 20 6 56 97 85 6 73 12 18 82 29 22 53 72 34 77 55 51 97 73 69 15 16 89 30 86 65 39 52 66 71 67 31 85 55 70 16 75 18 50 89 27 95 9 58 29 94 29 10 13 90 
86 55 80 46 31 46 96 9 52 20 52 65 49 19 48 73 44 31 8 75 36 96 73 27 15 89 98 3 5 96 95 50 57 49 77 38 93 9 25 31 77 2 77 38 87 34 69 29 2 7 33 53 1 49 18 0 65 4 68 7 84 88 17 72 91 26 44 99 48 86 50 37 81 43 83 15 63 65 90 91 
6 31 20 63 92 69 25 46 65 83 18 93 35 41 52 83 3 12 39 52 95 2 51 17 7 70 81 35 14 94 34 91 47 4 10 81 87 95 45 39 41 68 15 64 81 28 72 10 13 61 80 86 70 11 85 8 9 76 25 83 55 3 31 94 94 70 57 58 56 16 54 28 15 14 8 24 41 28 70 14 
79 16 81 46 38 23 5 79 91 12 10 85 30 36 17 64 48 7 21 7 61 5 42 57 77 11 29 41 78 43 76 20 79 55 92 96 5 42 78 72 75 48 49 40 53 57 91 31 91 97 70 16 43 96 85 89 91 93 12 80 96 26 25 82 36 85 39 69 31 15 70 0 94 52 99 94 90 11 77 80 
90 65 83 74 82 88 47 65 5 10 64 99 10 22 61 68 30 55 17 99 85 6 71 23 38 87 66 73 92 63 26 66 18 52 40 9 86 36 74 72 94 83 97 93 31 84 25 38 83 5 54 5 24 97 20 36 20 82 47 49 17 24 92 52 79 33 73 49 55 59 77 25 60 21 95 34 3 22 98 97 
