59522 45283 53464 60717 38799 59126 60707 62791 53409 52625 64894 57041 48670 55004 63984 48213 45604 73430 54367 60711 
62669 48143 52411 60501 42920 56259 68030 69042 59725 53890 63566 59695 51807 57715 65446 60477 48987 70049 58274 58404 
62311 48617 46440 57865 44326 47563 64384 63319 54186 53335 61206 55362 49570 49314 60574 53958 45492 65865 51689 53932 
53838 36681 46596 46664 32997 48229 58975 57141 50100 48726 51457 52159 36046 46959 56484 44548 39783 58501 49916 42751 
54157 44112 44992 45760 30392 46738 48472 57288 44161 41576 57103 48559 40695 43013 47396 53306 48700 57762 55135 42948 
59246 44597 54872 58553 36080 60423 64005 66513 47153 52084 68010 62110 54932 57753 63019 57940 48267 66134 49067 64783 
47721 37249 39940 44769 29022 40157 46472 47097 39049 38256 50552 39100 34337 40867 42947 39994 37040 46261 48069 30488 
54696 42853 39752 42945 31346 43368 56418 54455 51507 45804 51311 42342 37918 46855 45245 47199 43446 60148 48089 43381 
59126 38832 50591 51794 35433 51321 58366 61231 47653 46780 60152 54752 45961 55195 48671 55077 43308 55458 49410 45538 
45708 32376 35639 40289 28710 38858 45348 46703 40232 40761 54140 45689 36107 46602 38015 42887 33603 46044 41987 36706 
60323 44891 55649 55090 33774 50440 60074 63349 53943 45388 59225 60944 38979 51481 59529 58402 46892 62709 54779 54675 
51483 38335 38667 48053 33399 41585 46472 45614 44729 43676 50308 38462 39310 39296 45421 43590 44805 55748 45133 39295 
58184 44063 44267 56896 42309 44505 56592 53914 49811 40322 61321 48367 40124 51032 55504 49246 43708 54574 49434 45978 
41004 31616 33507 41003 28572 36803 41522 46858 41560 33650 47822 42669 28559 44690 37122 35450 33172 43040 41379 34717 
52539 49362 51371 56259 34655 58187 63194 62944 49526 46012 65914 54112 54360 58731 53564 58882 39435 68012 57616 54400 
45916 39729 38607 40210 30345 36387 44215 47594 34023 29804 43746 34804 34709 33053 41609 42675 29010 41431 32973 36491 
64750 42980 52265 61648 41912 53132 66172 61904 51741 55077 68365 63145 50562 53513 66062 58772 53830 65958 56034 57454 
51397 39935 44626 45191 28130 46630 51264 56376 49819 45946 55261 51991 36800 50013 40751 46171 36513 59429 46906 45503 
34633 27030 31194 33359 18857 24356 28893 33200 23620 25112 34910 28270 25959 26182 32415 33694 33613 29389 28793 27413 
48660 38722 42336 55796 32231 43971 51508 47950 37860 44526 58554 43485 51097 53405 43149 46879 44574 50085 45798 42660 
