28 45 45 95 45 97 45 9 18 11 61 43 13 19 70 5 9 19 46 74 81 82 90 10 71 16 14 13 71 83 33 89 38 85 95 75 74 80 62 88 90 12 2 90 54 48 50 90 80 50 47 70 68 28 93 86 47 45 29 37 7 81 6 81 59 95 1 47 24 30 40 20 61 15 0 5 40 56 39 32 30 47 51 50 50 32 95 82 94 70 71 20 73 29 59 26 30 96 65 14 50 55 83 68 2 89 58 79 63 95 37 63 13 79 99 42 63 53 86 79 
57 12 94 1 23 41 96 93 2 73 2 9 34 92 87 48 27 47 66 28 89 56 9 62 25 91 15 50 8 10 18 4 36 91 10 19 57 71 55 35 91 55 67 5 44 19 36 66 76 47 18 17 87 20 97 7 0 31 31 87 65 89 59 87 66 7 74 64 14 31 9 96 14 71 87 46 97 35 21 59 87 5 47 1 58 77 84 74 55 85 66 11 92 36 76 85 89 97 13 44 11 44 79 0 38 91 4 64 32 21 96 85 82 50 21 93 64 42 26 35 
68 15 13 34 88 65 40 46 67 53 6 76 44 66 4 29 34 36 0 47 18 55 67 81 98 11 85 8 68 13 80 74 59 38 15 62 92 12 95 9 44 93 61 53 73 40 60 12 98 39 86 57 94 11 15 55 75 13 71 82 91 82 63 73 55 35 93 95 45 68 37 90 4 18 0 48 73 24 23 61 89 66 3 8 66 28 7 64 22 28 72 39 4 84 89 20 4 43 7 28 25 71 45 67 59 30 54 22 73 94 85 78 20 36 60 50 60 17 10 57 
32 46 46 62 86 80 46 1 53 98 64 99 37 52 3 0 78 79 5 12 77 35 97 84 72 58 75 32 19 95 2 50 56 6 93 61 75 71 78 66 17 11 91 0 57 61 1 89 81 75 10 21 81 93 53 77 8 72 27 92 31 21 92 71 84 8 97 5 36 18 49 50 73 92 45 96 4 79 83 5 59 14 77 50 82 39 16 4 63 92 68 15 43 26 57 14 42 76 85 21 37 58 13 53 18 10 87 54 78 49 91 71 95 39 80 33 67 32 34 2 
44 24 85 61 57 43 47 18 5 74 12 44 53 6 83 97 47 64 63 25 63 42 38 46 70 82 19 93 75 48 43 6 80 54 90 89 26 14 62 85 10 78 48 42 0 16 51 26 66 47 43 98 63 13 38 77 54 34 67 59 38 2 40 13 35 80 81 42 92 57 16 37 92 7 45 69 62 57 86 39 8 57 25 69 13 2 34 75 62 81 75 84 4 66 9 62 10 75 36 38 86 99 25 37 12 3 37 88 26 56 24 85 33 94 19 66 90 33 89 23 
41 57 1 15 27 0 77 1 82 34 61 53 91 52 50 32 18 75 28 34 61 27 82 84 7 2 78 25 23 29 40 28 37 37 53 53 51 25 64 18 45 30 42 18 21 83 40 2 92 8 68 77 73 49 73 3 31 31 34 61 23 80 50 51 43 3 71 36 46 44 88 93 46 70 1 26 20 94 18 91 7 4 61 65 87 18 19 99 29 62 5 74 0 39 87 94 61 95 59 40 55 84 2 38 88 82 45 41 13 36 7 29 89 62 34 71 22 78 86 65 
7 90 23 20 72 42 19 74 93 13 7 56 22 50 10 81 30 65 26 13 93 23 94 69 12 83 84 62 37 69 39 93 69 20 49 55 8 98 57 85 60 55 47 75 15 84 11 21 8 2 56 51 87 75 78 99 48 43 56 3 36 77 28 62 82 35 91 92 44 91 70 39 19 45 95 38 14 72 0 96 90 4 15 53 60 10 79 78 47 14 19 31 38 8 73 5 28 32 35 21 4 20 91 1 69 71 64 47 89 16 41 20 99 34 3 23 29 31 31 39 
61 55 56 3 92 83 86 10 81 24 52 2 74 3 74 27 67 78 87 3 33 16 30 13 87 47 65 73 56 69 40 35 67 55 60 29 47 59 18 95 52 18 33 79 25 99 54 77 65 66 32 76 80 75 34 33 43 13 38 90 2 19 83 27 23 93 87 0 9 78 18 97 67 88 76 61 83 99 82 78 73 18 47 91 18 11 55 15 44 67 36 13 81 90 59 94 47 87 85 43 81 80 74 51 87 17 75 80 10 71 10 0 5 54 21 76 34 66 21 26 
89 75 48 22 24 82 24 97 59 70 58 95 84 39 75 8 74 86 23 93 46 51 70 47 82 15 66 32 33 10 4 70 86 91 76 84 85 80 13 49 2 48 88 95 5 54 31 24 91 34 67 41 89 23 26 84 41 63 81 68 18 82 61 94 46 81 10 22 71 79 93 22 52 66 95 1 44 19 39 50 76 70 23 8 81 58 80 67 66 38 54 93 35 91 26 41 41 45 41 55 85 14 67 29 33 22 68 19 25 71 7 97 81 22 95 44 25 18 79 52 
23 52 91 8 25 45 46 32 28 39 91 94 80 0 3 4 85 45 19 31 11 90 71 38 4 11 16 55 95 83 77 36 1 60 24 12 15 17 4 50 28 43 45 76 71 61 76 88 74 44 80 74 47 72 43 7 85 86 67 14 17 8 58 54 3 43 97 94 91 47 12 76 66 2 1 67 48 85 42 26 67 27 79 54 12 95 58 35 20 73 17 72 9 73 16 88 32 63 28 72 73 14 53 61 37 18 94 82 78 12 32 10 68 73 27 65 59 76 47 49 
45 96 48 11 18 57 29 7 86 55 63 15 97 25 12 48 22 0 50 40 44 84 0 92 65 43 2 94 93 1 32 37 53 77 88 38 84 62 59 32 58 24 69 75 74 14 81 49 46 26 96 6 42 9 91 92 44 74 0 73 10 8 92 33 22 65 63 83 47 44 53 60 33 40 43 0 95 42 41 8 20 64 79 8 22 25 0 82 85 6 97 48 15 26 69 3 3 64 66 25 50 89 13 15 39 84 87 40 94 61 35 2 72 9 36 47 99 97 86 93 
46 38 12 89 38 85 34 77 49 4 59 50 28 71 45 74 26 66 29 74 1 26 64 62 18 53 55 37 38 70 61 0 77 87 25 41 99 69 52 29 29 55 67 61 40 66 84 1 87 48 42 43 51 29 92 12 89 84 15 90 67 0 71 51 45 98 96 3 21 81 64 38 12 10 17 80 45 74 59 28 67 9 83 33 70 50 28 53 18 23 9 57 17 49 4 32 58 48 19 21 44 54 51 44 42 86 64 42 28 53 10 25 22 20 71 40 80 7 47 73 
54 13 73 23 5 68 61 83 29 97 72 40 23 68 10 37 39 37 72 49 63 93 26 23 37 81 16 73 45 64 51 73 55 98 55 66 90 38 29 2 40 33 19 73 68 65 77 55 76 86 56 33 72 74 54 85 58 82 86 96 38 86 16 44 81 24 70 33 91 53 38 21 8 65 42 93 0 53 55 47 66 97 35 56 99 2 78 45 52 27 89 76 66 39 91 83 67 12 11 57 0 60 16 56 69 80 88 35 99 47 92 20 41 76 67 72 62 30 98 55 
99 80 31 68 91 19 46 87 70 95 52 31 17 29 54 8 68 53 53 59 30 77 28 38 8 50 2 12 3 39 62 59 23 68 10 1 23 33 62 1 52 55 3 1 6 42 1 89 18 97 70 61 46 53 84 55 74 71 30 19 6 89 74 69 9 21 47 90 21 17 74 9 12 84 40 74 56 46 6 74 73 74 24 74 28 7 24 90 24 70 32 4 69 83 83 5 11 41 90 23 6 10 34 74 66 62 31 63 7 23 76 13 51 66 72 91 25 83 96 63 
39 58 33 19 88 10 98 34 81 79 10 92 83 66 44 81 24 82 69 89 85 35 79 97 88 30 58 55 74 63 92 93 11 29 15 82 41 15 51 22 94 46 88 9 10 84 79 42 29 67 4 53 8 92 78 41 28 53 4 48 55 89 75 13 0 0 61 2 25 43 21 14 67 77 25 99 97 89 86 9 33 35 86 65 9 92 90 80 99 28 3 43 56 27 5 17 98 72 52 30 34 58 70 12 3 88 60 57 93 13 68 82 92 73 51 23 70 29 83 49 
22 80 8 91 82 35 16 40 15 8 41 22 10 35 6 36 76 80 69 59 67 78 80 93 51 13 54 65 70 76 57 57 28 1 57 56 32 86 68 9 26 8 83 35 21 55 71 13 66 97 94 84 50 83 42 20 84 62 54 3 40 50 84 57 92 79 31 49 33 88 30 42 82 82 41 61 59 55 26 34 92 56 44 4 76 94 17 27 35 79 23 17 27 91 69 6 68 97 80 31 10 74 9 49 7 33 45 14 6 35 37 39 83 31 46 46 15 57 80 32 
97 83 20 29 71 77 77 38 75 87 26 49 88 68 91 51 57 90 42 60 55 20 9 54 89 34 75 10 66 28 0 2 93 38 4 92 51 89 26 3 94 56 76 43 51 15 50 92 86 88 9 96 10 34 89 94 50 21 84 52 69 85 75 93 81 1 19 50 86 23 5 97 93 11 82 76 41 68 75 72 41 8 79 26 50 93 44 93 10 50 3 92 72 58 9 45 12 56 64 83 55 17 2 93 41 21 28 61 13 59 97 70 21 84 90 56 63 88 73 29 
74 39 0 85 47 98 57 2 58 43 94 88 47 29 3 97 25 69 13 8 43 58 79 54 41 14 95 25 65 37 25 13 40 71 53 40 56 23 68 82 20 56 60 97 35 54 4 79 4 78 23 55 48 79 23 21 34 12 51 7 75 62 71 83 30 47 88 27 64 81 39 3 43 56 27 22 80 6 49 21 64 82 0 37 79 68 52 68 66 35 70 56 30 61 48 19 76 79 82 93 85 67 23 52 36 19 2 56 97 73 8 9 21 49 77 65 20 68 45 84 
73 85 75 7 48 88 32 98 71 26 4 91 61 90 51 94 89 92 61 11 94 77 52 48 2 36 86 86 99 24 67 38 13 40 39 41 4 36 19 77 62 17 27 24 77 48 1 56 21 27 36 30 81 42 59 44 41 31 69 38 99 27 95 0 90 18 0 42 74 82 49 99 76 12 53 49 6 36 32 34 47 57 19 73 29 1 72 93 27 44 0 4 51 80 19 58 45 37 24 91 80 60 9 27 26 71 10 73 50 43 42 27 89 86 14 69 90 35 3 28 
91 51 50 28 46 58 98 24 35 32 27 7 44 97 19 77 43 67 87 60 84 2 79 88 8 44 45 7 61 67 68 82 96 97 28 87 35 68 27 29 20 91 67 73 73 51 85 76 56 0 41 41 40 23 65 93 48 95 48 31 46 85 33 36 50 88 1 67 8 47 26 66 99 30 72 23 32 84 88 53 22 27 11 82 38 14 86 44 65 55 44 47 48 57 67 86 24 71 19 13 93 21 87 80 4 38 79 87 65 7 86 67 8 2 9 92 51 15 48 31 
75 66 59 0 65 33 40 11 82 5 81 12 84 4 26 41 47 94 23 38 94 62 18 85 18 27 90 4 28 53 95 99 75 95 64 59 68 62 74 39 60 68 39 14 82 33 53 34 96 62 9 75 27 32 93 64 94 36 19 13 24 13 42 49 79 63 66 74 39 90 34 16 86 30 91 20 77 62 76 63 96 16 94 20 14 24 72 45 28 64 38 56 84 23 88 66 75 30 11 76 53 99 45 73 6 54 42 48 52 65 4 24 25 1 62 44 70 30 53 53 
44 64 88 43 62 88 58 24 51 39 32 17 34 64 33 58 36 3 64 94 19 75 34 36 36 69 22 0 43 98 5 33 0 2 1 0 60 57 90 30 59 99 27 71 28 82 18 72 92 16 97 56 90 8 46 6 41 82 48 91 20 46 22 67 54 81 31 74 92 10 47 83 75 69 74 89 99 47 98 98 26 21 15 65 10 43 99 46 60 52 54 70 75 50 43 11 1 67 90 2 99 86 51 83 1 96 40 72 67 72 2 81 75 4 53 27 22 56 82 9 
13 3 21 39 57 95 69 77 34 70 12 72 56 29 32 18 13 16 75 35 66 92 41 63 5 62 93 23 18 59 44 57 84 39 77 48 87 3 10 74 7 7 85 63 37 39 11 42 85 53 42 4 58 10 36 1 43 14 40 13 13 15 23 52 46 30 14 29 0 32 28 19 64 29 24 56 62 57 89 72 45 94 83 21 51 56 85 92 50 96 60 20 0 19 42 86 35 90 32 77 0 58 91 18 93 43 90 86 99 10 11 48 7 22 84 41 46 39 88 37 
94 78 51 70 59 11 32 60 20 48 7 6 47 19 39 78 11 40 84 19 72 38 61 48 72 76 71 17 84 11 12 61 21 2 46 35 18 85 51 57 85 69 4 12 66 93 49 2 0 24 86 45 85 69 25 78 10 33 90 81 99 52 88 92 69 8 65 33 86 42 52 63 24 98 21 33 33 99 1 77 61 23 69 2 83 73 40 72 31 67 38 58 62 52 53 84 40 79 55 51 55 22 56 63 91 57 98 26 91 78 90 96 75 32 99 79 57 16 31 58 
98 21 1 0 82 94 18 25 92 33 4 43 89 22 21 65 73 9 75 93 11 14 18 9 90 89 89 30 9 13 7 85 78 0 10 74 80 78 12 57 36 12 5 12 1 12 40 95 59 16 52 62 64 56 55 91 28 79 79 98 13 47 8 69 72 8 81 37 14 6 55 89 5 21 42 24 22 55 47 98 27 82 37 35 43 62 85 99 84 30 17 94 27 63 78 84 70 99 97 71 43 89 70 60 93 16 74 60 49 98 9 12 26 48 90 80 60 39 45 94 
28 95 94 42 20 70 33 68 92 54 36 92 87 98 12 36 0 51 43 1 14 4 19 72 49 87 11 67 9 47 97 88 46 66 31 18 26 59 42 34 58 44 16 4 36 53 85 14 64 60 74 15 64 35 60 72 71 76 37 72 3 82 36 51 14 53 77 8 18 57 20 40 91 86 25 34 83 36 97 28 62 80 40 74 77 12 44 49 98 30 52 57 20 49 23 51 21 55 63 90 33 73 64 60 13 59 99 3 41 54 43 95 51 64 35 28 68 96 19 55 
60 61 94 76 10 96 55 8 50 45 53 16 23 14 39 55 3 15 97 11 66 29 97 92 67 18 53 99 8 13 68 33 13 98 13 35 84 16 61 65 50 9 97 71 54 47 40 88 66 6 99 1 73 99 70 16 28 83 61 50 68 16 80 51 44 47 24 20 49 4 44 33 78 38 17 48 47 33 30 87 51 42 76 32 84 30 45 8 78 49 24 8 97 47 93 64 19 60 4 11 8 25 76 27 70 39 40 83 15 34 5 30 2 56 53 34 99 50 71 79 
46 23 7 22 99 91 91 6 15 80 39 14 0 28 38 52 76 82 26 34 70 62 38 60 9 83 72 52 64 38 68 93 22 56 69 1 35 15 16 9 98 26 75 70 35 59 36 67 45 34 40 33 45 43 2 21 40 57 12 70 93 37 68 87 90 41 90 13 49 58 34 49 90 78 95 86 65 48 27 91 12 58 9 13 88 68 79 1 22 3 49 18 49 85 64 24 5 29 41 25 77 42 83 3 44 14 38 52 97 50 0 59 26 58 55 48 20 61 44 37 
46 77 45 57 33 50 54 78 86 75 84 90 37 58 96 64 82 15 28 65 47 97 13 64 63 69 34 17 96 72 32 21 5 10 50 10 39 5 23 91 65 84 94 34 1 73 41 38 19 72 14 24 48 33 89 16 14 55 21 76 11 87 69 74 74 4 52 72 57 42 65 22 92 19 70 75 86 97 64 20 93 68 92 34 72 5 15 16 54 26 59 75 33 57 89 55 97 23 62 12 49 90 34 69 65 24 13 23 78 0 90 29 63 11 17 59 1 82 51 73 
43 30 27 38 26 30 52 59 70 34 58 58 54 84 14 40 84 43 1 86 79 25 27 34 69 43 38 34 59 0 63 49 33 23 71 90 39 20 39 28 3 0 28 69 43 63 40 75 43 5 46 52 38 50 37 55 84 35 63 64 94 4 68 86 4 74 74 9 63 21 15 66 5 19 91 41 9 64 8 12 48 89 74 88 81 20 54 8 82 59 88 83 89 56 98 67 62 72 90 19 23 64 34 53 89 99 91 90 37 14 10 15 23 87 44 88 90 98 74 27 
80 16 89 75 48 69 57 21 52 44 80 71 58 11 79 39 38 95 66 30 51 53 83 85 53 83 79 90 17 23 88 19 58 37 69 97 72 17 90 13 16 28 94 41 32 71 35 73 49 92 56 55 51 66 75 17 48 5 18 14 39 34 97 35 54 45 61 57 8 90 10 93 68 40 49 36 39 22 90 54 14 84 18 89 90 66 87 92 17 60 16 4 80 2 13 45 88 31 91 18 19 95 19 29 67 80 15 70 43 25 45 62 57 90 24 37 71 98 24 60 
25 94 17 25 43 82 94 59 73 60 38 72 89 4 80 33 44 35 64 4 64 17 32 21 29 58 90 59 40 18 3 64 41 59 55 88 6 26 31 46 54 97 82 17 8 3 92 83 64 41 43 39 5 8 18 84 9 99 50 20 19 69 46 8 46 48 26 97 41 4 21 11 5 42 42 72 57 1 21 31 94 77 65 66 24 77 91 39 28 47 26 20 92 99 93 21 60 75 84 20 18 12 78 23 94 2 39 13 19 28 6 37 97 69 81 31 74 30 30 19 
11 41 85 14 73 83 60 94 73 84 25 56 99 4 52 22 79 17 67 49 2 31 78 64 44 62 60 99 68 29 49 52 2 9 62 15 25 70 95 72 55 3 87 42 74 74 39 63 69 42 42 24 8 18 78 18 45 7 1 9 32 64 50 63 67 67 57 26 12 88 83 6 84 34 31 33 37 80 50 87 15 31 23 82 29 30 94 74 22 67 1 59 81 60 36 72 30 7 91 98 41 55 80 77 74 40 99 43 91 5 27 54 40 12 61 98 91 85 8 57 
35 59 40 62 71 95 76 52 29 72 28 57 4 84 52 78 66 13 84 37 29 31 27 85 81 14 67 14 82 45 73 40 75 53 68 25 70 48 72 55 94 69 35 18 24 7 89 66 34 68 80 95 95 4 46 24 7 28 24 76 13 26 9 45 78 84 85 12 36 66 46 8 43 48 69 74 4 63 89 29 42 81 66 43 72 16 68 28 56 97 34 82 68 99 99 17 6 64 78 11 98 18 96 75 65 88 76 62 61 3 49 90 93 17 28 24 0 20 45 70 
25 45 64 28 30 28 72 18 24 37 30 55 28 15 47 88 98 8 43 48 88 86 24 47 73 28 71 33 23 72 16 16 34 47 18 26 38 33 54 48 47 16 81 24 2 50 63 32 42 20 15 11 83 70 32 31 42 43 52 80 5 50 42 98 30 84 76 39 43 31 25 45 77 80 57 60 91 37 2 33 98 26 61 84 8 65 31 78 88 27 56 64 38 2 37 95 62 41 74 5 68 83 75 83 71 6 48 30 21 42 95 96 12 21 98 99 61 53 70 69 
95 38 56 94 24 48 28 76 41 24 77 7 49 84 47 65 31 23 74 12 45 45 16 35 23 99 96 80 71 84 32 46 50 56 13 27 79 68 42 24 4 45 73 46 32 50 78 69 0 72 98 61 36 68 37 74 98 69 30 47 69 67 88 74 20 57 16 18 10 0 48 20 16 89 43 23 77 66 32 95 35 29 39 36 45 85 22 51 85 52 74 93 95 27 12 82 63 21 8 4 43 50 96 43 6 28 52 58 88 53 13 38 25 53 69 1 85 1 44 34 
23 47 75 23 50 51 43 8 24 20 25 36 0 67 91 74 83 45 46 3 67 82 4 87 92 97 61 38 87 65 73 64 82 57 90 96 28 27 95 62 24 26 46 25 98 86 31 74 6 48 63 9 96 82 46 15 75 24 31 96 10 13 2 40 49 39 97 88 90 7 76 42 61 58 37 78 14 73 15 13 78 3 31 82 33 98 77 32 51 85 45 19 19 34 39 66 16 12 40 14 90 78 34 87 35 64 55 91 22 5 17 46 14 11 76 47 82 5 49 90 
51 78 31 98 17 40 26 59 68 30 48 89 6 66 98 80 91 46 44 8 36 29 63 59 75 7 57 23 20 94 76 42 44 56 41 95 65 5 60 58 21 15 53 64 9 94 40 36 96 75 21 71 73 66 75 7 99 8 57 51 72 99 81 59 73 86 28 9 42 22 23 72 0 13 13 77 86 58 44 45 98 86 14 91 66 31 28 15 70 87 92 55 29 89 6 9 93 98 84 57 12 94 4 35 20 62 70 51 43 59 84 40 78 5 63 53 79 67 30 37 
16 14 25 52 96 12 71 81 5 57 8 7 43 87 71 66 34 12 43 94 85 83 65 79 44 54 13 2 55 12 91 90 98 70 54 71 93 53 3 81 25 7 46 74 63 50 12 87 5 74 7 20 49 27 62 31 80 99 68 57 37 23 4 1 57 51 44 57 5 86 43 50 50 71 31 87 83 0 25 67 44 50 14 21 44 13 21 82 44 3 72 22 26 98 74 48 33 0 46 89 77 12 60 80 98 43 56 83 90 56 71 6 74 38 64 56 69 54 45 46 
95 44 34 61 52 76 45 68 85 38 45 65 93 58 60 15 95 81 40 16 85 62 14 52 21 23 59 38 12 99 82 30 68 20 31 4 96 79 15 25 36 79 63 17 52 56 97 89 84 49 18 54 81 25 4 74 20 93 88 28 42 70 76 0 90 80 35 2 24 43 75 77 51 34 67 65 90 0 8 83 91 47 37 77 40 71 90 22 73 53 12 45 65 19 0 88 46 49 91 33 99 18 71 61 61 80 71 1 23 67 43 67 25 58 22 76 81 62 2 59 
61 85 30 32 37 99 30 86 93 47 30 41 11 45 50 31 14 76 87 99 37 85 86 82 78 8 37 51 38 35 13 52 46 43 80 36 81 33 41 26 40 16 94 31 98 70 72 77 16 13 78 49 47 54 78 44 67 55 0 39 72 67 89 41 49 77 26 6 21 28 68 53 46 85 44 4 28 71 13 96 91 93 26 1 11 55 30 96 45 4 63 75 13 63 69 79 82 63 28 9 68 94 70 40 26 87 50 28 47 0 65 64 88 99 52 21 56 58 54 21 
45 96 66 82 58 97 34 27 95 2 25 20 74 83 75 56 60 18 81 63 89 20 21 45 59 18 44 49 70 91 65 0 29 1 51 47 74 55 14 23 95 81 2 18 32 24 98 8 56 73 53 64 27 72 34 65 18 6 66 37 26 43 40 36 86 80 29 11 78 12 97 96 51 99 52 95 20 49 70 60 78 63 83 87 94 80 44 67 14 42 81 82 12 7 12 14 90 13 32 56 70 50 46 54 89 56 17 40 51 17 89 8 10 64 64 44 41 89 94 40 
25 67 56 64 53 62 42 71 84 90 6 83 4 85 68 89 51 81 58 29 47 55 53 26 69 8 35 21 8 67 28 58 13 41 95 24 61 48 30 85 27 64 10 28 28 92 16 18 93 75 32 39 48 12 87 98 79 92 1 7 27 2 67 36 49 10 31 79 23 18 58 80 25 57 18 78 73 74 43 20 84 25 40 48 48 29 48 98 87 72 87 61 79 24 59 79 57 21 71 71 73 68 10 28 43 24 24 84 3 99 1 60 41 10 19 24 65 49 98 45 
87 14 18 92 24 48 18 18 56 70 86 32 22 99 24 81 59 19 16 45 59 48 99 9 7 68 24 57 56 90 71 37 81 96 73 38 21 64 43 16 58 52 98 41 30 12 70 43 63 7 39 30 93 53 13 22 48 99 65 76 19 19 5 66 0 8 95 68 67 56 92 24 31 6 57 58 53 24 62 7 98 79 67 13 11 14 16 72 20 31 22 34 61 66 26 29 31 87 14 21 33 68 39 68 3 35 56 8 82 74 43 45 99 82 68 99 90 17 59 2 
99 35 51 96 91 69 37 61 99 26 43 35 12 39 3 39 44 90 23 75 52 93 82 35 36 83 29 2 32 38 49 17 17 61 76 52 38 79 0 20 95 92 11 22 80 58 84 61 7 4 85 5 9 8 56 93 64 98 60 35 20 52 41 1 93 21 25 65 60 63 18 15 80 87 85 20 32 38 53 9 37 0 37 54 27 57 57 95 72 87 58 67 38 46 7 86 62 67 18 1 76 57 77 29 16 18 45 70 87 30 15 39 26 71 43 16 58 85 17 95 
43 60 82 28 6 77 65 84 44 36 72 74 54 47 4 60 70 27 6 90 33 55 51 94 63 86 59 2 80 81 82 27 40 67 89 64 25 11 40 67 80 24 54 2 8 11 41 47 97 71 40 80 43 57 88 55 31 78 78 60 72 58 93 84 49 70 41 47 67 67 46 76 77 98 54 68 0 74 62 41 85 43 24 81 80 67 91 62 32 53 95 88 74 22 39 76 12 43 99 14 75 61 86 82 99 14 38 16 79 13 95 54 34 14 59 5 79 37 69 88 
89 73 79 45 63 60 69 23 19 82 56 6 41 7 54 61 59 75 16 93 38 83 50 1 15 65 38 42 70 66 69 19 45 0 81 23 17 56 75 96 44 30 80 64 87 91 79 93 16 42 5 41 72 56 21 37 66 23 34 30 16 88 90 39 27 41 55 60 7 24 66 87 63 16 42 44 28 30 90 92 94 60 75 42 36 40 10 46 97 27 58 67 39 8 34 42 52 85 91 88 40 70 45 61 49 74 36 15 57 7 44 47 18 94 27 14 61 16 67 79 
53 64 8 31 11 66 48 9 40 81 47 75 57 49 0 41 71 6 71 57 55 90 8 20 90 12 36 51 20 56 55 40 50 18 81 5 77 19 17 6 46 62 24 69 27 83 7 31 71 64 12 76 72 41 72 83 38 57 91 23 87 73 63 44 53 42 40 37 69 1 41 93 57 68 17 78 11 12 45 11 92 98 8 7 33 78 25 25 10 41 52 27 93 61 16 60 41 87 9 13 83 45 58 17 1 68 73 17 34 6 54 25 69 19 92 15 29 62 66 1 
97 90 51 8 57 94 93 4 58 2 27 24 13 88 21 17 67 40 82 44 74 35 90 3 33 15 35 42 96 80 95 64 94 36 81 1 47 68 98 96 31 17 84 41 47 7 47 7 54 70 74 9 36 87 82 23 0 96 12 96 69 27 41 18 86 78 79 19 23 6 34 10 9 73 55 79 67 35 26 50 40 14 19 79 85 90 11 80 58 31 7 79 28 74 80 32 75 19 29 16 15 93 35 99 94 60 11 71 40 70 44 20 10 73 66 76 83 83 8 56 
32 92 99 4 26 61 86 21 54 18 80 45 68 30 81 33 66 9 88 61 55 72 93 39 6 48 21 31 85 80 5 14 10 50 93 89 17 92 43 23 20 72 63 95 50 9 94 80 96 62 96 45 59 44 26 92 42 2 77 27 67 2 94 79 96 27 43 25 6 85 81 0 30 2 20 93 64 16 26 43 41 62 76 1 60 83 20 95 23 67 10 44 43 4 76 64 71 98 70 90 17 70 4 82 16 31 40 41 48 53 11 10 12 47 27 12 23 49 25 7 
74 28 94 90 28 54 41 99 57 67 9 63 71 85 85 90 81 5 91 60 57 74 12 94 97 31 15 5 98 14 4 37 45 88 80 4 28 84 90 50 83 4 68 45 38 7 84 33 87 58 90 95 69 59 23 93 12 30 3 70 29 17 35 21 88 23 27 21 23 72 30 78 88 35 20 97 43 29 58 90 44 83 28 55 16 58 93 84 2 88 96 98 81 89 30 6 77 57 26 73 21 16 28 96 61 60 44 21 5 85 79 93 43 27 15 92 77 52 12 94 
57 4 24 84 32 74 92 5 51 20 81 79 98 29 37 9 46 30 37 44 5 21 7 46 29 3 44 50 1 2 8 55 33 35 73 18 9 24 43 65 9 60 66 89 20 38 27 16 97 76 72 59 41 80 38 25 17 56 98 91 46 13 33 43 99 43 26 21 28 70 45 24 55 36 72 0 14 22 33 74 35 81 39 32 47 86 78 64 7 67 87 82 67 91 35 84 20 79 57 1 61 58 78 39 28 79 9 26 69 98 13 29 90 91 38 93 39 86 20 81 
94 67 85 66 60 17 26 94 40 31 7 58 27 15 39 79 93 75 64 1 35 53 2 41 11 63 16 63 25 6 86 9 68 54 88 97 60 84 15 61 7 42 51 47 62 96 57 70 13 29 51 35 41 97 75 12 6 8 55 33 84 19 39 79 95 4 50 26 46 32 58 30 70 52 1 55 23 86 66 13 8 39 62 27 62 87 81 14 96 6 51 66 57 86 4 47 4 63 58 60 31 22 52 48 62 55 59 92 39 97 64 97 80 85 77 88 20 9 61 39 
95 44 69 53 51 10 5 59 74 13 27 19 5 53 13 78 30 78 55 38 57 1 17 9 14 67 68 78 7 38 21 13 2 85 34 99 4 13 86 23 82 85 19 18 97 92 84 37 46 68 58 81 31 87 41 80 45 29 28 78 86 98 56 80 82 47 82 69 51 13 62 63 37 2 41 49 37 15 34 12 18 44 16 3 10 17 22 43 95 66 46 88 82 98 96 50 64 56 35 20 51 70 90 50 64 42 94 36 43 74 68 94 71 56 54 42 21 42 44 7 
40 40 68 50 50 33 31 20 20 61 60 2 35 51 45 1 89 6 55 1 41 87 22 82 6 15 56 35 33 0 28 25 20 93 6 96 46 15 29 9 20 82 28 45 45 82 18 98 93 66 26 50 48 90 88 21 16 74 81 69 51 56 82 61 45 2 1 98 11 72 57 80 18 62 73 18 30 66 57 40 99 90 99 76 49 90 62 31 8 58 5 74 61 68 53 87 84 96 18 92 55 0 73 33 14 15 2 16 11 29 49 89 49 55 28 67 86 36 11 84 
72 88 30 2 34 56 23 90 20 50 63 15 28 15 10 26 23 73 23 2 12 96 33 67 61 87 58 36 21 75 21 14 99 15 14 14 64 26 12 99 58 73 47 38 25 18 49 29 66 86 16 15 63 66 19 50 16 33 72 96 96 31 57 64 20 91 69 82 44 47 93 40 43 44 21 47 22 4 28 6 37 60 60 69 6 3 22 89 24 2 62 5 41 51 92 68 99 59 9 35 56 88 55 4 79 19 83 14 20 10 23 30 22 57 92 76 51 28 1 78 
99 25 54 27 77 18 77 72 52 57 88 16 44 34 75 34 67 35 10 22 59 50 76 68 10 8 80 92 13 7 93 97 16 46 62 69 20 94 1 42 58 1 43 34 4 87 35 91 31 78 43 52 29 90 12 60 39 49 8 81 32 3 52 4 43 79 72 88 63 90 43 8 35 20 29 38 79 37 11 72 81 83 56 60 3 18 99 40 32 95 17 58 19 14 50 78 46 75 17 98 74 36 41 31 46 64 12 68 37 67 40 48 67 44 98 74 6 54 0 55 
29 33 29 67 11 51 86 95 63 88 52 51 30 88 37 84 30 57 20 15 21 71 91 41 55 4 34 70 96 32 45 64 47 74 63 4 8 94 30 16 45 50 49 71 25 68 2 66 94 73 42 55 26 28 11 79 85 79 2 71 61 15 26 33 91 45 29 11 32 66 45 65 96 21 51 73 93 61 23 25 62 42 24 37 6 58 31 78 59 94 85 4 26 91 78 9 27 2 72 93 16 49 57 50 89 62 67 77 2 84 54 53 23 43 14 23 61 21 69 57 
92 77 0 82 61 48 96 24 6 11 56 49 71 35 34 84 4 80 47 51 64 84 65 17 40 55 53 95 23 56 7 17 10 40 37 38 92 93 29 3 62 48 36 77 39 71 67 54 50 32 57 9 55 88 87 47 72 53 82 61 74 25 56 19 58 51 8 47 29 2 68 66 59 58 56 10 54 64 22 23 12 40 74 29 28 19 72 36 31 21 58 61 96 19 5 31 26 23 18 48 62 95 91 6 54 72 3 24 78 67 74 5 54 7 13 4 34 11 53 36 
81 30 24 36 31 40 65 74 96 46 55 87 63 24 4 27 77 45 93 57 47 50 45 75 51 27 76 38 11 42 14 56 91 63 64 9 99 96 81 47 53 6 33 90 43 37 33 35 81 38 24 58 9 3 25 35 57 32 93 55 62 88 86 0 74 81 87 52 66 50 60 54 81 60 52 53 51 6 87 82 37 4 84 74 4 73 33 47 49 12 24 46 53 55 91 72 19 29 7 86 76 51 27 81 36 46 12 17 13 56 71 43 22 59 57 75 35 47 6 24 
30 93 94 5 8 57 20 96 75 11 21 84 15 84 58 68 13 20 10 82 82 84 80 45 99 64 39 9 83 67 42 33 48 50 68 58 23 75 61 23 46 58 40 32 71 7 2 61 59 69 53 88 44 80 43 27 85 80 99 77 88 89 46 94 98 75 13 23 74 13 17 61 22 5 90 95 13 55 55 38 31 25 38 34 41 13 68 16 37 6 26 82 19 28 91 41 59 71 41 64 11 2 6 32 85 88 36 96 39 25 30 80 11 7 54 15 21 98 65 42 
81 9 36 62 71 57 83 55 22 99 90 71 37 43 55 71 7 54 8 55 27 96 98 44 95 82 79 4 64 99 11 69 0 62 90 27 66 7 17 33 38 18 19 1 47 82 59 19 93 20 15 99 4 69 25 51 81 13 81 70 36 29 70 42 16 27 12 26 69 65 24 48 68 64 14 65 71 23 72 52 86 37 1 90 37 79 89 16 84 21 1 36 21 15 75 46 56 5 25 42 45 73 59 0 18 72 2 81 74 30 83 66 24 6 79 41 5 16 34 38 
41 75 58 34 53 72 26 93 74 99 65 49 78 79 71 0 93 43 43 13 12 17 61 55 52 8 26 45 98 29 90 97 86 58 12 2 56 41 39 76 80 80 26 79 95 15 82 69 45 95 41 55 10 34 2 15 82 82 34 43 90 16 21 66 20 71 59 53 55 51 7 78 98 20 61 99 0 90 92 99 41 86 46 60 50 4 57 10 65 23 94 17 45 54 82 47 60 61 76 69 61 43 11 8 69 63 61 81 18 91 70 7 1 12 48 95 43 67 20 18 
33 29 1 30 24 11 88 99 3 6 61 41 42 0 86 2 33 67 16 85 28 18 31 17 46 31 84 33 78 26 88 17 31 92 34 81 21 46 42 86 61 93 32 71 24 94 6 86 92 76 55 66 39 37 43 48 89 24 52 19 29 1 2 22 93 66 28 11 88 53 49 43 85 25 59 32 41 93 8 81 24 26 87 44 17 26 65 80 30 84 97 80 45 82 52 77 54 7 98 48 70 55 95 24 29 79 46 53 9 60 79 39 43 62 29 19 35 77 33 47 
37 43 78 50 36 85 81 63 74 78 16 71 5 2 8 93 92 82 45 41 84 1 11 48 36 80 93 12 68 63 52 52 9 2 89 69 33 43 58 44 34 18 4 64 72 73 33 80 6 39 9 75 84 56 74 79 29 43 7 44 93 7 74 10 16 39 86 64 71 95 99 22 87 66 27 38 63 18 17 65 32 78 35 67 90 80 22 81 51 41 60 21 28 50 82 42 31 69 27 0 78 27 95 31 34 81 33 87 95 37 61 16 46 0 66 56 22 71 80 85 
46 26 45 81 95 42 90 61 85 52 37 20 78 37 29 49 23 45 83 86 40 32 50 44 37 73 81 14 13 77 59 29 76 2 98 97 99 39 20 15 42 39 12 4 66 29 36 23 33 95 64 13 62 23 85 65 23 55 14 42 38 49 57 71 12 10 15 40 30 58 5 4 20 51 99 12 20 2 84 73 10 23 45 87 59 96 51 42 56 3 51 43 22 72 4 11 89 30 64 48 99 6 52 58 43 53 61 64 29 29 80 46 24 21 36 38 32 26 79 56 
2 50 71 80 54 71 47 76 33 62 20 10 74 91 14 45 64 68 1 96 2 1 17 79 77 85 46 60 73 13 26 85 87 50 33 45 3 7 8 72 98 70 49 74 72 46 76 22 84 48 17 98 9 12 96 38 59 7 39 13 80 53 71 97 72 27 49 2 76 79 46 63 15 51 96 75 83 83 55 68 6 41 68 2 28 97 93 28 9 0 89 48 52 82 44 6 51 33 94 86 54 11 31 36 60 62 55 5 54 89 54 18 72 6 63 49 12 38 38 66 
29 79 31 78 80 73 28 69 92 97 43 6 97 79 37 45 30 54 69 8 79 26 67 78 21 63 17 24 49 21 28 58 37 14 20 81 82 57 79 28 43 83 33 66 63 66 60 66 37 24 65 22 97 4 22 46 74 97 38 11 64 78 81 34 44 88 39 18 49 93 12 99 1 55 31 78 88 72 83 82 27 92 43 26 78 64 94 26 92 4 24 63 35 20 39 34 65 93 55 53 12 88 82 13 85 33 32 89 69 37 19 0 16 85 72 89 13 83 22 60 
54 33 28 25 99 50 32 67 14 80 82 55 40 27 46 84 6 92 15 52 30 69 83 28 93 0 98 42 66 44 51 52 70 34 16 70 54 47 72 49 37 72 75 72 58 59 73 78 44 11 16 72 40 91 5 37 2 12 91 21 36 62 21 76 15 68 55 23 34 93 32 26 58 66 77 7 44 21 36 56 10 32 24 10 28 94 3 82 48 35 22 94 71 54 85 84 52 70 3 93 52 88 44 72 72 9 12 36 61 6 14 33 67 52 52 78 5 25 33 36 
64 97 44 26 17 31 19 21 46 76 38 35 57 86 45 58 83 22 35 62 17 23 25 22 37 51 56 55 97 69 98 13 61 41 64 8 44 67 1 7 46 88 66 9 39 25 37 22 1 52 33 60 28 26 37 95 91 52 77 61 84 20 79 47 89 90 80 48 13 74 69 40 64 91 6 45 91 10 35 82 81 82 42 51 35 51 86 13 46 2 88 78 48 99 73 0 42 89 7 40 79 46 61 82 51 34 94 44 27 25 59 44 52 58 20 71 45 39 63 75 
58 2 51 96 29 53 52 94 33 87 6 40 68 68 22 70 32 7 0 8 42 27 46 63 8 49 63 51 16 42 37 4 76 77 55 38 28 69 18 81 15 74 43 13 46 87 71 35 23 21 61 52 76 76 97 86 32 13 10 91 52 43 6 15 2 38 27 78 9 34 34 7 75 75 27 76 44 13 64 86 25 8 0 94 74 39 48 26 56 79 97 0 1 73 30 31 64 91 98 36 26 73 15 53 92 32 23 48 80 62 76 67 13 98 36 75 87 0 6 35 
55 81 12 0 27 1 22 82 27 38 59 48 52 2 57 38 2 77 87 48 73 33 32 28 13 5 19 55 96 7 32 96 42 65 70 75 17 20 88 98 84 50 20 9 40 0 6 7 58 39 26 81 5 77 55 42 24 80 69 23 83 6 66 33 82 73 19 95 10 83 58 58 23 83 67 6 24 12 51 37 45 30 5 49 65 87 35 43 80 18 16 97 71 94 97 99 46 41 86 12 6 43 5 14 69 29 71 30 46 12 68 1 1 64 96 50 96 82 36 71 
50 24 76 30 17 51 53 57 20 61 61 29 81 40 39 63 6 2 19 33 28 47 62 86 87 28 39 78 59 93 1 18 42 74 16 37 35 98 80 50 38 63 13 79 19 35 60 47 39 35 43 11 57 15 87 17 88 12 66 67 0 23 37 33 11 3 93 60 38 13 88 12 3 50 42 97 82 49 88 81 68 42 81 81 7 56 99 37 57 98 86 32 74 88 70 66 36 21 44 65 86 28 54 2 36 88 69 6 19 39 68 19 79 66 38 76 62 18 73 62 
32 57 90 49 64 35 41 64 47 0 29 71 65 89 7 90 53 10 65 4 31 6 91 71 25 15 75 35 81 55 25 46 81 57 81 99 44 93 68 9 98 7 2 35 59 35 77 81 38 59 11 43 63 13 55 10 43 67 19 45 78 72 75 0 55 86 86 38 25 49 7 48 32 27 44 22 80 43 7 83 63 37 75 80 91 85 89 1 78 94 21 16 75 29 41 76 3 7 55 85 87 38 63 51 96 64 65 19 59 96 39 68 38 46 73 19 70 9 32 15 
21 13 28 92 68 98 24 5 98 91 91 54 91 67 91 78 53 29 16 34 64 53 57 32 33 48 76 50 63 48 29 51 61 37 96 27 19 78 87 4 41 92 96 48 95 58 55 8 86 58 82 88 56 78 83 69 65 86 93 56 50 10 9 59 47 26 29 31 47 58 92 20 66 10 63 93 36 25 84 36 87 36 93 33 56 95 36 24 58 38 33 86 60 98 99 19 53 34 72 70 79 36 99 54 31 36 66 99 17 58 98 64 42 21 69 29 13 24 3 93 
23 46 67 76 36 83 24 73 89 91 19 11 28 56 69 61 98 78 49 4 33 31 79 97 89 90 72 97 48 63 13 29 34 83 23 20 78 19 47 97 9 26 33 67 27 58 93 11 13 22 13 77 67 86 75 27 26 51 70 72 34 23 99 53 56 44 26 65 5 25 34 15 55 60 8 46 95 76 14 38 71 29 55 31 54 63 29 64 2 89 57 16 92 38 80 99 6 73 45 17 35 31 20 0 36 91 49 0 54 1 51 99 7 74 63 47 82 48 33 63 
79 99 13 86 89 44 4 48 81 79 60 66 42 61 83 90 4 67 73 15 27 91 61 64 51 21 93 39 47 60 12 45 79 13 61 74 90 41 73 95 32 81 44 21 8 46 44 49 61 81 76 3 43 35 22 81 34 95 11 4 23 6 41 85 1 51 29 19 96 89 10 51 95 6 96 79 14 30 60 33 67 72 69 95 1 37 47 20 55 52 71 28 60 63 34 38 57 74 88 92 57 74 77 83 14 47 89 68 80 30 41 79 9 19 88 24 64 96 12 71 
66 31 49 52 36 34 56 35 70 14 74 3 70 70 77 19 97 98 75 51 97 35 82 3 76 94 84 89 6 83 80 18 54 68 68 37 32 31 92 26 32 91 81 58 8 96 95 23 72 7 44 20 75 34 18 82 75 68 3 50 68 16 99 58 1 30 70 28 0 18 76 93 89 97 19 56 96 23 42 26 76 35 26 9 86 84 15 22 63 88 13 38 67 12 65 75 53 94 73 97 67 39 77 33 75 4 53 7 59 39 36 19 81 17 86 67 4 57 3 22 
90 47 68 34 37 45 74 79 81 46 68 71 91 62 88 47 98 75 87 86 42 99 56 90 30 38 89 86 95 83 30 0 14 81 47 87 7 72 24 8 18 13 40 53 68 75 67 23 56 81 17 0 54 42 80 36 62 76 63 80 31 73 61 48 60 89 20 57 63 84 14 71 48 33 34 13 3 99 81 2 7 68 49 96 3 35 32 18 23 23 68 8 51 6 17 60 60 91 20 63 82 60 58 29 92 60 58 91 98 20 7 10 68 30 63 77 63 40 44 15 
97 60 99 63 2 99 97 27 63 83 24 21 22 93 80 24 54 20 22 21 90 4 79 48 1 42 95 1 68 70 0 47 14 12 91 64 40 37 71 60 65 72 68 77 29 55 26 96 1 45 74 72 37 99 51 77 68 96 86 20 16 64 33 60 23 45 22 86 79 7 34 80 85 93 20 68 33 91 38 8 28 99 20 72 12 35 32 94 73 50 79 3 97 18 49 80 43 80 47 35 41 22 42 75 38 1 5 61 45 95 75 44 97 3 89 54 15 84 60 64 
25 95 98 6 57 27 99 24 36 75 48 59 94 98 86 79 5 47 62 53 23 15 68 18 6 50 58 91 39 48 86 2 57 46 24 33 86 28 22 83 24 55 11 99 73 84 37 29 1 85 73 13 85 3 65 98 20 52 18 73 4 8 10 33 67 97 83 18 99 51 9 86 71 14 89 50 76 35 27 41 53 69 22 1 8 61 64 47 39 24 6 55 67 94 12 1 73 20 90 50 5 78 30 35 60 56 50 73 39 4 0 90 21 92 64 12 75 91 43 77 
20 5 69 68 45 88 51 44 19 42 66 33 40 78 56 63 99 32 10 65 25 74 29 81 77 92 23 28 55 88 18 55 6 5 15 47 54 37 89 96 15 48 39 35 35 23 85 98 27 27 54 78 58 17 54 27 55 18 14 45 6 26 1 29 25 91 6 59 42 34 44 54 56 46 78 77 88 1 26 44 16 79 76 85 45 48 14 85 73 96 12 84 26 58 66 22 46 78 89 68 61 54 97 64 29 95 2 43 51 33 67 48 48 27 68 64 87 66 21 13 
38 73 91 5 38 50 48 83 85 71 75 60 85 42 69 43 29 48 11 28 38 93 71 37 74 36 17 22 92 64 14 17 10 27 2 62 10 82 13 75 20 56 48 73 74 40 97 92 36 87 31 82 86 36 66 76 43 88 63 14 79 91 64 61 25 50 50 4 37 67 96 22 9 1 57 95 96 8 74 49 79 38 41 87 26 74 42 15 83 18 99 1 66 74 98 82 76 47 36 75 72 77 51 12 70 68 43 16 25 5 28 17 67 12 37 33 8 15 22 79 
70 60 65 15 50 81 27 80 97 45 65 93 52 78 98 43 39 67 58 61 99 33 17 37 7 13 96 0 41 90 27 90 39 86 83 80 99 44 72 17 87 64 93 19 24 16 53 86 14 28 83 40 52 73 48 78 99 73 76 15 25 57 81 99 84 45 39 7 54 28 99 70 28 69 21 56 17 55 36 50 22 27 87 68 8 55 57 18 52 57 61 80 88 14 24 20 75 99 45 82 95 8 43 49 21 46 54 44 19 2 43 17 19 44 57 55 33 2 34 61 
44 24 15 86 13 29 12 50 22 22 44 74 89 58 19 51 88 6 45 45 62 42 61 39 48 66 11 2 98 74 14 26 80 50 34 39 39 64 62 32 80 4 34 33 41 63 10 0 29 72 32 33 52 52 66 64 75 52 17 83 88 85 53 28 83 90 81 31 87 34 42 63 60 31 67 24 73 58 19 85 14 75 96 35 12 75 7 57 2 44 45 71 73 9 5 95 99 58 73 92 39 35 55 58 37 27 81 79 82 78 75 20 30 18 38 89 28 98 77 96 
85 96 73 17 22 42 40 37 85 7 32 1 75 48 82 54 28 9 53 85 73 92 49 52 37 32 66 33 22 34 0 4 4 53 25 4 8 61 91 0 14 61 43 70 75 75 66 49 6 12 17 47 24 59 42 59 48 52 55 63 27 11 7 40 78 88 51 66 57 26 37 48 74 53 20 84 32 76 36 60 84 58 96 74 3 78 50 46 2 34 96 98 58 33 29 41 42 68 52 64 41 21 23 63 56 76 66 35 19 75 56 28 20 25 95 91 77 86 72 81 
2 69 90 43 99 86 47 35 96 58 6 58 52 78 74 44 7 37 98 87 21 66 73 7 1 42 97 28 26 57 89 13 36 5 62 4 25 72 22 45 74 2 38 57 97 75 31 37 74 93 43 50 77 75 6 92 43 41 24 55 82 23 6 63 92 29 79 65 49 41 13 77 73 74 15 46 83 55 18 95 81 79 47 22 64 29 7 8 5 20 25 75 50 12 53 5 30 19 18 71 66 42 78 10 31 53 29 68 6 72 8 11 74 40 75 74 27 65 13 36 
63 81 68 85 52 52 72 42 82 61 95 85 55 71 64 22 69 87 59 15 52 22 98 99 98 36 63 72 11 55 91 28 89 19 46 36 53 63 65 12 21 90 55 66 99 98 46 96 85 99 47 45 73 20 30 92 68 1 78 54 71 57 63 53 12 45 38 30 17 96 83 4 6 72 14 29 32 85 44 39 24 48 89 36 10 79 44 33 40 74 58 87 81 98 42 11 83 14 15 61 14 55 92 30 78 6 29 33 90 11 27 12 35 67 4 19 21 91 57 58 
70 79 28 43 44 39 56 48 90 53 90 9 68 7 17 17 84 60 76 75 32 91 26 38 43 49 39 3 5 28 25 18 53 15 60 68 42 85 96 2 54 44 9 48 89 74 7 64 13 61 94 34 20 77 77 36 0 54 51 12 36 42 18 1 82 1 16 46 29 87 96 23 28 2 74 94 73 95 70 21 96 91 99 36 88 50 60 76 48 91 59 2 81 70 88 18 9 16 80 73 45 38 97 56 4 60 81 82 70 1 85 86 89 53 51 74 20 9 31 97 
76 15 90 75 24 12 94 14 56 21 70 80 47 92 13 62 27 53 88 47 81 66 73 43 68 50 39 51 70 68 21 89 40 56 62 23 67 92 10 36 55 1 52 74 24 1 81 70 37 76 34 9 68 40 62 51 58 83 18 59 34 30 97 8 20 26 98 61 21 56 12 86 53 41 72 11 58 72 14 80 37 68 24 6 19 13 26 67 16 54 44 79 0 87 77 17 84 36 57 67 16 44 20 53 1 17 77 34 27 74 51 71 56 9 99 33 95 29 73 10 
60 98 70 49 47 1 83 60 61 39 48 46 97 91 26 76 92 55 15 62 74 29 52 1 84 52 0 83 61 48 7 63 10 67 87 6 81 21 47 13 93 45 55 84 28 18 74 82 94 28 81 53 53 96 73 73 21 74 83 71 82 32 25 77 91 56 43 18 97 82 39 8 63 9 49 49 94 67 90 54 54 35 0 91 73 48 1 48 54 75 51 41 65 91 53 13 14 71 49 76 9 14 94 42 80 37 49 77 82 25 55 82 67 9 15 40 22 91 92 55 
40 75 45 10 26 94 19 6 95 23 34 28 23 21 86 19 91 48 74 93 66 38 75 52 61 65 14 98 58 91 85 71 74 41 92 11 42 88 53 12 92 89 78 53 63 33 66 31 86 78 31 83 76 11 28 40 42 54 57 49 89 79 1 21 99 39 52 77 6 5 84 35 31 72 95 87 31 93 59 49 17 44 87 38 73 7 80 60 18 75 62 36 63 84 51 98 86 84 24 55 71 34 50 28 64 28 21 47 93 44 27 36 76 13 43 65 32 87 1 32 
21 15 79 58 95 64 58 84 82 87 12 9 79 6 44 78 64 78 87 76 45 50 18 22 0 45 32 57 62 31 46 5 80 55 9 7 73 5 61 99 11 14 53 78 23 40 7 64 87 1 93 74 28 32 33 69 44 1 74 69 58 90 88 0 40 95 47 8 86 78 1 30 48 19 41 33 31 62 1 23 78 44 67 7 8 91 73 40 33 21 35 12 34 45 54 93 29 97 26 92 41 7 84 17 64 83 9 60 89 44 49 39 22 46 31 97 54 30 52 1 
21 85 41 21 5 84 17 91 1 55 74 14 22 3 2 97 60 16 74 53 41 17 1 2 94 81 54 32 59 69 17 49 85 22 20 10 60 55 80 65 68 88 94 27 0 50 80 75 95 20 73 30 70 63 65 2 57 64 18 28 51 82 96 87 9 21 65 11 1 22 97 18 21 81 13 98 13 22 69 86 41 64 10 14 33 88 81 95 64 76 58 61 72 95 90 30 48 36 54 69 9 99 68 67 91 5 30 85 24 83 71 68 11 50 95 64 9 33 14 6 
22 48 50 35 96 43 6 6 53 33 1 94 71 75 88 65 82 54 84 74 25 20 74 75 96 78 86 76 10 4 36 93 9 86 84 85 7 77 86 64 38 3 2 15 27 22 56 15 52 76 48 7 10 51 90 94 55 70 43 45 44 29 15 88 83 18 19 22 37 7 2 46 52 38 30 36 48 25 30 43 97 37 90 89 93 71 44 25 5 44 29 91 31 39 16 42 87 93 2 19 0 98 86 24 25 79 28 84 10 25 81 7 86 60 64 48 93 2 50 93 
70 95 16 39 60 94 31 82 45 7 97 16 49 14 48 98 3 57 89 50 17 22 30 84 47 60 75 81 33 14 59 17 9 73 55 96 18 69 62 3 16 11 3 56 13 35 34 21 12 25 42 85 35 65 38 68 71 33 7 67 84 33 97 79 55 70 24 53 70 91 16 9 13 87 32 2 97 84 48 23 84 93 53 81 86 58 97 40 82 30 32 78 97 65 83 63 76 8 0 23 24 33 62 92 44 9 59 87 20 80 69 98 45 23 85 19 9 40 10 30 
29 6 86 58 67 11 21 78 12 5 69 30 45 35 50 4 92 15 31 99 93 58 71 33 69 80 69 90 29 30 42 61 7 19 44 20 41 49 30 27 9 31 48 1 94 69 72 96 23 99 86 36 25 1 83 50 77 55 56 45 83 35 49 2 63 19 8 71 56 21 63 70 51 11 19 73 98 51 29 56 5 69 53 9 34 10 41 83 19 66 66 30 25 48 60 62 1 76 3 44 8 40 94 64 79 51 67 3 68 74 62 21 2 36 21 51 95 14 63 13 
25 78 7 79 22 45 59 63 48 11 17 25 8 88 99 68 33 11 47 38 9 16 44 28 37 55 50 44 27 25 38 23 64 18 65 90 37 30 87 75 86 47 92 68 29 27 0 46 52 30 92 79 60 66 38 34 39 97 15 48 40 44 62 86 29 65 18 74 25 70 24 53 20 5 56 49 22 97 48 99 77 18 50 62 33 74 52 74 84 59 10 43 52 46 38 72 99 11 82 67 0 55 28 30 75 54 1 20 80 30 60 98 78 44 14 8 26 75 51 58 
40 44 96 17 12 57 71 27 55 26 43 60 87 7 71 21 47 51 54 91 87 96 93 32 98 63 90 27 3 7 35 68 38 60 38 68 28 70 5 71 13 33 35 20 5 84 28 94 62 65 10 87 83 62 79 76 97 39 90 92 93 98 65 97 0 43 39 17 44 45 94 39 80 89 83 97 61 75 91 64 7 24 98 7 63 95 32 97 85 82 76 50 72 22 89 28 90 60 39 13 83 9 2 9 9 83 95 73 74 73 49 70 51 76 23 29 0 58 76 61 
59 65 23 45 85 56 47 3 45 98 14 70 81 66 14 42 96 39 99 0 24 73 19 2 23 16 38 63 30 68 56 79 34 21 50 7 46 92 58 30 82 45 46 88 74 54 18 67 0 56 9 32 59 86 13 30 63 55 95 66 84 87 68 83 24 97 1 48 80 4 35 54 41 21 82 57 54 64 1 59 75 23 87 92 24 81 79 9 38 59 6 31 97 84 66 48 32 84 52 64 68 60 1 79 85 66 20 52 27 8 24 78 56 8 74 33 99 12 91 11 
34 14 66 43 5 97 57 14 69 54 30 18 5 8 46 73 67 59 67 74 69 85 71 70 87 21 39 68 27 75 31 55 10 28 79 47 95 63 7 66 69 23 55 72 20 90 20 8 8 86 38 64 24 97 48 32 57 4 73 55 57 29 65 77 35 87 95 36 77 53 91 53 95 57 80 88 18 31 97 51 8 95 54 92 89 4 97 46 26 64 67 27 54 8 70 59 96 15 70 48 70 95 58 28 6 29 24 11 7 33 75 73 94 73 66 47 36 39 51 41 
40 79 50 51 38 57 83 51 96 64 94 28 77 99 65 60 45 91 88 88 35 61 75 54 35 2 48 79 97 95 54 70 76 40 94 45 98 51 77 90 80 73 92 56 74 92 27 52 25 11 99 17 17 10 67 87 53 1 2 82 29 0 73 35 88 0 31 90 13 36 37 73 70 61 60 42 28 83 74 65 10 95 16 73 84 5 68 49 28 19 62 8 32 73 30 19 15 27 32 96 99 53 93 83 8 78 18 71 63 29 63 55 35 61 94 45 0 79 11 6 
51 29 68 67 83 71 45 49 9 4 94 54 94 88 32 92 14 63 37 34 85 64 21 33 73 18 42 54 87 33 35 6 38 94 28 92 30 20 18 71 6 6 68 89 65 50 29 34 87 16 13 37 6 54 58 55 74 12 22 46 61 23 81 84 76 48 24 46 48 50 71 36 10 60 51 70 61 55 80 85 8 96 24 97 10 2 80 50 7 20 95 48 18 19 25 59 40 77 71 7 95 82 4 98 25 13 41 82 20 4 54 45 98 85 28 14 25 36 79 46 
96 89 50 0 34 37 44 58 84 7 85 56 35 97 81 23 48 70 22 87 18 21 84 32 68 58 58 79 97 19 51 2 35 51 22 91 1 45 49 95 22 72 75 35 7 83 60 7 44 10 64 75 49 70 76 2 12 95 2 88 15 94 11 50 26 64 21 74 95 38 61 6 76 62 18 0 61 86 79 19 59 26 44 97 25 28 46 97 47 53 83 4 12 97 74 65 33 46 57 61 69 94 40 50 59 3 0 60 54 62 7 55 13 3 33 56 65 71 65 54 
96 37 5 30 7 84 95 32 2 78 99 2 11 31 87 98 79 47 18 79 11 66 80 48 18 46 88 0 84 25 64 30 39 68 14 59 3 11 46 27 43 2 2 72 91 22 58 66 88 60 14 13 20 80 43 14 69 11 70 66 74 7 5 98 47 65 97 94 70 45 92 17 92 47 68 78 38 9 38 46 55 37 12 30 50 42 25 55 44 83 50 49 30 14 16 69 2 72 98 73 9 80 73 0 46 66 36 54 30 56 39 71 61 82 0 44 13 9 62 73 
50 87 94 71 57 0 26 50 27 72 53 64 64 44 98 93 63 81 37 12 5 82 41 99 12 38 59 76 91 27 8 39 25 38 91 11 29 27 61 5 79 36 86 66 68 77 64 37 27 34 36 40 46 21 28 91 46 68 86 55 69 85 60 59 55 40 76 53 97 34 23 63 47 86 69 86 93 18 29 79 56 50 95 24 69 94 85 64 97 51 48 99 61 42 47 55 70 67 50 39 99 98 95 4 10 99 21 29 83 99 36 50 31 46 18 49 55 62 18 6 
76 97 54 47 93 55 63 11 35 70 53 53 30 78 45 66 92 51 91 93 58 2 79 42 93 20 11 87 44 34 96 57 28 64 30 62 32 88 43 77 7 93 48 68 74 86 25 59 19 17 16 45 9 12 9 95 80 53 87 68 19 44 67 49 14 2 26 20 67 36 74 20 37 69 15 11 20 19 0 70 0 47 81 47 48 64 95 73 94 69 84 21 48 42 95 32 87 39 92 39 24 7 62 44 46 44 57 83 7 39 90 66 40 19 19 63 46 69 54 48 
15 10 53 46 81 81 59 74 98 86 75 81 75 46 16 63 74 80 29 56 96 34 90 94 46 98 25 14 65 90 45 0 57 5 30 71 61 51 32 11 38 42 71 71 97 6 70 41 79 76 62 53 74 26 44 56 26 81 87 9 38 40 5 25 84 64 35 36 17 77 85 19 48 87 37 69 4 12 28 1 91 47 54 63 25 52 92 55 57 97 11 11 70 70 66 1 13 81 16 64 88 37 53 76 18 9 29 56 89 39 44 5 69 46 75 74 83 61 39 8 
75 23 88 83 85 76 35 55 9 36 87 3 29 17 68 1 88 29 92 42 57 92 74 68 27 65 41 4 17 9 8 30 79 43 79 23 66 81 46 13 61 78 75 70 73 43 77 58 41 12 18 96 35 91 0 55 4 17 4 70 72 66 93 49 96 98 95 18 90 79 93 13 64 52 91 97 53 81 10 49 64 56 6 75 95 76 98 49 82 22 59 57 76 42 56 48 22 48 44 62 29 90 44 37 99 87 19 39 25 50 4 20 86 40 62 30 61 74 97 69 
85 31 68 85 35 86 79 66 78 44 14 71 20 10 34 30 92 56 30 96 55 23 0 58 39 48 58 74 91 14 93 71 38 15 4 43 25 7 41 72 96 81 34 66 0 81 41 2 28 25 93 23 9 97 6 70 95 71 19 37 88 70 58 52 16 57 65 36 69 45 93 48 27 37 14 32 13 67 43 39 12 25 18 8 29 91 93 7 52 52 83 73 78 21 73 26 62 18 35 76 23 82 68 76 12 83 89 65 53 95 40 73 88 53 33 69 87 75 28 79 
6 20 8 24 62 38 21 61 54 34 64 81 50 10 87 23 26 47 83 20 99 41 56 51 69 5 24 98 30 16 96 72 44 97 37 37 51 62 40 43 71 14 86 41 47 49 27 40 92 42 74 11 18 95 92 32 12 66 73 21 90 51 41 7 62 36 31 19 90 67 44 94 72 26 9 54 83 70 54 98 60 46 88 64 67 47 76 49 67 63 68 47 79 19 20 24 76 34 25 33 86 52 90 46 7 70 88 92 96 13 82 42 38 85 57 3 16 22 88 84 
46 93 72 31 36 97 64 68 41 1 90 90 11 58 48 96 93 52 54 79 94 0 71 57 51 96 72 57 33 46 8 12 7 34 42 99 45 2 83 71 24 22 65 78 12 11 3 55 99 68 7 89 55 98 35 16 19 46 12 90 83 35 70 88 25 37 7 1 41 78 90 56 95 95 38 43 76 90 51 45 77 31 95 76 87 16 30 48 88 12 12 32 32 92 63 26 27 4 61 84 17 72 32 66 12 58 65 48 95 27 5 34 56 75 3 6 15 77 2 44 
14 43 58 15 49 53 73 6 29 11 71 18 60 6 65 28 56 11 84 75 38 24 85 10 96 88 41 16 47 59 20 42 12 69 87 4 38 7 27 88 59 77 99 71 17 89 28 16 55 31 11 1 76 67 91 19 88 25 30 15 28 77 50 68 79 92 46 38 63 84 51 81 32 40 8 3 8 74 98 57 13 78 36 34 94 27 17 55 56 7 59 17 46 90 82 78 45 13 84 51 53 42 67 36 42 77 73 13 57 40 62 48 41 78 53 97 16 79 36 60 
24 60 4 72 44 49 9 37 50 25 68 45 86 66 50 73 6 92 24 98 95 28 66 20 94 24 28 89 23 95 38 67 55 22 11 98 61 98 64 25 78 74 75 73 19 67 81 65 78 59 48 31 49 7 59 12 79 18 49 96 14 20 10 4 17 0 58 23 97 2 4 17 33 63 23 76 74 99 36 20 42 36 33 15 84 78 32 5 7 75 64 84 84 26 27 91 49 97 93 72 21 10 47 23 46 50 24 10 41 71 6 22 18 42 70 51 37 72 28 74 
81 88 1 2 58 89 73 75 69 19 44 96 72 6 13 62 96 23 52 6 27 26 46 92 76 12 27 51 43 59 41 98 8 49 42 29 42 71 42 23 70 36 79 81 5 22 16 60 64 56 55 98 11 46 29 85 99 6 89 21 81 41 68 62 19 82 2 79 14 51 60 68 75 3 19 29 55 67 76 92 10 57 63 24 6 74 36 46 42 24 54 23 80 55 13 6 46 75 79 9 41 56 49 83 19 19 62 71 37 18 42 3 21 62 43 39 95 42 84 88 
84 61 50 71 32 27 58 41 92 64 10 22 61 37 96 99 47 3 19 9 14 0 44 58 69 35 4 36 24 69 4 63 15 25 68 12 39 95 15 97 3 64 53 44 67 89 34 34 52 87 8 42 19 77 8 12 1 36 19 50 95 58 92 82 85 71 80 33 22 84 67 2 96 25 3 17 60 94 21 5 15 64 67 9 0 16 72 73 6 72 55 18 0 61 65 69 90 92 59 38 60 20 59 15 41 93 33 96 29 96 99 22 67 44 40 40 64 42 48 82 
20 37 49 44 25 97 59 93 33 66 77 87 23 2 11 81 21 30 85 32 7 21 64 79 51 38 87 49 75 71 22 41 12 8 31 91 40 63 88 20 61 27 74 62 82 35 78 99 25 54 78 71 97 38 15 37 87 4 70 16 55 36 21 77 71 93 76 60 73 37 83 73 90 29 68 42 12 63 63 95 60 40 82 78 20 90 0 10 68 71 17 19 68 22 72 47 17 27 7 1 98 59 74 28 65 67 43 97 1 41 61 58 9 54 80 94 77 82 22 88 
15 0 16 11 61 74 22 77 12 43 77 71 72 63 51 20 27 98 39 90 91 69 85 77 0 59 92 82 46 33 92 7 70 57 82 95 76 75 57 94 10 21 84 0 2 20 94 43 63 83 62 57 0 74 25 65 83 19 14 25 86 1 38 77 49 40 8 33 13 44 38 59 11 90 95 10 22 68 49 8 48 19 2 31 75 97 17 0 46 20 96 65 46 78 90 84 77 51 7 81 34 24 81 54 93 15 52 16 35 87 43 30 36 67 14 84 28 67 23 34 
44 68 29 25 3 81 29 50 37 17 33 65 12 11 25 26 41 21 25 1 16 72 14 6 65 8 40 51 47 17 54 35 86 65 46 16 28 64 11 22 20 2 76 28 89 83 11 28 72 15 88 9 74 8 48 70 48 39 99 62 37 70 39 13 69 8 95 95 13 41 31 35 93 58 95 52 40 6 27 99 56 76 53 9 29 68 97 74 95 8 87 89 61 84 97 7 97 83 51 27 12 77 43 11 46 90 31 46 70 40 45 47 9 57 13 98 55 33 36 64 
11 4 57 36 59 68 83 24 24 56 1 0 80 92 59 30 21 21 28 36 57 95 49 71 82 46 8 48 31 20 72 75 32 51 89 38 59 85 75 95 98 22 14 98 67 60 14 86 67 39 9 65 4 66 98 58 31 44 47 50 86 74 73 59 45 74 11 81 71 2 55 69 15 50 98 28 72 60 68 93 83 36 3 77 25 56 46 12 37 5 87 92 65 48 62 82 25 64 39 40 96 99 74 63 9 50 67 64 26 26 32 77 25 69 52 19 80 48 96 40 
