7 45 20 68 49 28 60 69 43 25 88 95 78 93 9 90 22 32 73 38 66 69 57 80 32 64 17 73 70 19 83 52 2 84 59 23 31 27 66 72 36 37 17 76 93 13 60 58 45 26 38 5 91 43 36 16 22 98 33 28 82 30 6 56 97 30 70 23 81 78 40 24 3 17 99 10 92 48 58 19 
79 12 64 41 40 41 74 64 82 17 54 98 5 77 50 69 29 79 98 29 41 11 17 31 38 9 68 88 28 77 51 64 72 48 88 42 84 56 23 90 77 88 12 71 38 31 98 50 31 34 17 8 88 30 33 32 36 58 0 66 66 4 42 91 18 68 95 7 3 39 96 51 98 81 95 44 90 85 34 98 
69 31 75 95 30 78 23 34 19 92 87 76 98 53 12 84 97 54 3 93 57 85 37 11 19 52 80 50 92 12 24 39 3 20 53 91 12 96 31 97 49 61 34 7 23 79 5 69 48 41 54 64 11 0 84 46 6 60 71 69 0 34 41 72 31 68 76 65 11 12 21 46 94 45 50 67 43 44 94 22 
69 44 95 57 46 6 53 69 14 54 74 62 14 16 98 29 19 37 7 46 55 71 40 41 5 36 23 75 57 25 70 40 6 17 17 18 42 94 92 6 63 57 46 56 8 38 63 64 58 89 53 17 76 62 21 81 56 41 50 48 26 4 67 22 2 97 83 87 91 74 13 85 27 84 13 44 2 91 36 60 
73 49 98 82 6 36 8 20 23 11 52 67 20 19 62 67 89 63 56 34 79 75 74 23 32 57 48 85 15 17 93 30 35 50 39 96 83 9 70 6 37 40 42 27 23 73 52 35 68 83 86 37 34 97 29 17 1 83 80 10 99 20 53 65 69 65 82 70 66 76 97 70 41 78 90 53 35 28 29 44 
17 79 38 81 21 71 46 26 55 53 60 8 88 80 62 27 65 56 40 67 99 94 98 52 39 75 3 46 10 3 90 94 58 93 85 74 51 40 70 77 70 59 7 46 58 36 85 66 39 6 92 17 60 88 45 13 56 97 23 12 10 76 83 47 15 23 74 87 36 74 68 67 51 60 29 58 32 7 21 63 
74 3 70 74 92 70 90 50 87 88 65 62 87 52 84 96 38 94 63 16 24 41 12 33 80 16 30 5 15 22 69 41 46 98 51 0 38 9 75 4 19 79 63 41 29 12 26 70 22 58 81 73 86 46 36 79 24 33 46 87 89 42 61 53 87 46 67 52 58 46 9 84 11 10 11 18 55 91 28 13 
78 30 39 84 6 95 73 94 55 55 68 83 76 59 25 22 55 88 63 76 13 5 67 35 9 55 98 73 34 75 13 7 45 11 68 84 54 39 72 20 0 12 22 72 40 2 81 45 54 67 81 48 85 32 34 28 27 8 46 67 47 5 72 43 60 38 95 58 59 71 51 70 64 79 92 46 35 74 29 37 
3 49 79 66 6 83 93 79 27 40 72 82 47 75 1 8 15 69 10 52 8 78 95 22 81 19 14 83 79 49 88 74 56 13 53 29 28 1 42 67 92 74 19 3 83 96 89 58 58 66 17 56 78 97 55 60 59 57 86 40 93 10 39 23 18 87 95 90 2 73 25 20 78 5 84 88 0 65 65 30 
68 91 94 66 69 70 49 58 79 34 30 4 32 66 74 79 43 45 0 5 54 52 10 90 89 17 92 86 85 24 16 53 79 9 85 86 72 2 9 73 11 59 26 98 21 0 72 32 98 99 25 75 26 15 81 4 12 69 33 41 92 82 96 55 26 26 47 23 45 82 82 56 89 56 52 64 36 8 87 8 
75 88 31 46 1 37 87 57 52 26 99 75 27 57 28 70 33 52 73 45 50 19 78 21 19 14 41 0 48 49 79 12 9 62 0 45 70 65 91 54 4 42 43 58 49 93 3 64 36 92 32 3 83 13 42 2 21 25 46 9 17 49 48 14 78 64 34 20 63 76 63 66 73 60 72 37 67 23 18 88 
76 47 51 61 64 38 23 61 53 82 73 46 31 80 17 90 43 54 74 29 15 14 51 82 90 86 61 26 11 41 32 2 7 12 54 74 44 10 99 52 39 12 59 17 44 52 97 16 6 97 55 8 19 60 58 32 84 50 72 33 92 33 43 16 66 93 32 71 87 76 80 90 62 27 85 15 69 16 51 35 
96 77 93 94 63 49 64 95 83 18 46 42 33 79 39 82 87 61 74 2 85 76 59 1 60 78 13 69 66 19 84 73 57 5 87 42 43 31 54 59 80 3 4 92 46 24 16 42 3 38 12 58 5 80 24 15 92 14 16 49 49 14 54 62 40 87 44 10 68 39 8 44 42 12 39 8 90 49 30 60 
17 31 97 61 73 56 76 37 73 8 71 88 85 29 6 92 31 2 82 70 78 29 54 46 11 0 40 9 16 72 25 6 68 53 60 14 90 20 7 63 66 39 52 72 91 37 93 56 9 6 59 57 61 51 99 41 63 26 49 74 73 92 78 17 38 35 45 47 69 40 17 30 12 6 30 21 62 95 18 28 
67 69 71 24 20 49 40 54 48 79 3 22 3 2 90 27 97 6 94 74 33 8 29 2 17 62 36 97 13 2 54 41 3 23 64 31 9 97 94 39 45 77 73 38 12 66 70 98 67 38 35 24 60 98 60 55 10 52 83 65 27 43 96 50 16 11 79 14 77 14 21 6 77 83 94 76 27 24 25 60 
55 24 37 59 15 23 26 20 0 17 18 62 61 29 51 21 14 47 67 4 32 58 37 11 53 97 14 29 57 68 0 42 40 67 21 54 15 5 77 67 99 42 81 65 99 28 0 92 15 28 11 87 5 51 45 69 94 81 90 98 37 31 99 49 12 41 66 12 1 63 36 19 76 42 73 52 88 63 39 8 
54 20 43 2 9 41 56 46 92 16 2 37 38 2 59 13 93 42 29 96 32 2 1 77 67 59 22 48 45 45 83 38 9 52 0 92 83 10 38 5 56 60 25 22 90 15 83 75 47 26 7 79 7 68 53 89 9 14 4 27 13 83 10 14 35 1 81 89 29 47 0 21 59 54 39 52 84 73 44 76 
21 54 9 44 40 55 78 10 84 36 99 94 47 21 27 39 49 56 42 24 29 26 8 72 23 23 54 58 50 26 80 22 56 20 85 2 12 82 60 67 48 26 5 39 93 64 78 53 23 29 6 16 59 4 34 17 89 84 11 91 58 35 72 33 72 67 97 73 2 14 24 1 93 85 87 30 35 62 86 0 
13 6 24 15 62 86 24 65 61 17 55 25 7 74 2 31 85 7 5 93 61 82 32 15 6 56 27 30 3 52 39 35 41 77 78 20 44 42 38 60 51 19 8 93 60 49 81 19 99 59 39 79 62 23 98 72 13 51 67 11 98 90 8 1 53 63 35 92 79 1 45 53 0 8 46 50 73 32 26 67 
54 41 56 65 41 37 3 16 86 29 7 80 29 32 58 43 49 13 60 2 55 69 26 85 45 41 92 46 87 41 91 78 90 55 48 27 80 22 91 14 29 92 55 9 9 50 83 92 19 99 47 34 34 10 78 98 79 67 55 19 45 36 65 46 25 95 52 26 64 30 9 58 11 11 92 98 16 81 49 22 
90 4 10 77 7 91 92 74 87 63 99 31 84 42 12 15 10 18 93 66 83 74 57 34 22 7 0 76 17 18 93 20 70 89 38 25 84 54 27 2 47 16 65 31 88 36 79 23 35 27 52 46 64 10 53 44 19 21 22 39 22 74 96 58 76 33 4 1 47 79 42 54 65 17 8 73 1 68 69 28 
65 88 4 75 92 62 68 13 77 37 32 81 53 16 90 61 18 38 44 10 40 88 43 44 42 89 30 67 83 54 72 47 81 71 14 26 27 51 48 9 22 58 4 94 84 20 38 7 5 71 15 19 90 27 79 81 64 57 22 94 52 98 71 13 72 81 66 48 79 46 84 43 25 9 52 19 76 8 91 11 
3 38 86 74 69 8 86 27 85 83 90 78 60 12 97 95 68 56 71 75 3 46 56 22 52 85 62 1 64 63 19 33 51 43 27 83 46 22 82 66 53 6 57 53 11 14 68 29 68 0 73 92 68 90 7 11 58 35 97 20 77 94 14 93 99 48 96 48 57 88 60 79 56 74 44 6 72 77 11 33 
81 15 15 9 80 98 8 65 13 36 66 12 71 80 38 84 22 87 51 62 64 89 68 13 25 10 77 29 67 87 50 59 4 2 6 86 51 27 78 46 17 25 60 27 89 22 89 52 12 62 68 66 31 15 98 65 79 6 13 83 41 16 22 15 21 17 31 3 57 98 96 43 45 57 89 4 27 68 9 95 
12 99 42 45 19 81 36 56 92 7 89 77 16 42 82 53 64 8 36 98 30 89 52 76 94 98 52 10 92 65 4 21 12 89 64 56 7 10 98 10 75 6 58 53 94 81 19 93 2 64 56 27 1 91 36 10 97 86 44 43 86 54 12 81 9 43 0 99 23 39 20 6 95 11 28 72 66 64 13 68 
74 83 87 54 26 92 45 8 18 20 30 24 9 34 0 82 93 17 7 78 46 35 44 4 89 26 22 67 1 23 97 23 13 34 68 86 50 33 43 8 33 33 25 12 37 63 46 81 76 43 50 85 99 38 29 69 21 91 22 4 98 32 0 34 20 31 51 81 32 42 53 5 37 61 87 5 12 58 40 48 
15 12 28 82 5 26 47 64 55 82 59 27 88 51 90 60 78 96 50 74 54 93 12 71 46 51 17 35 20 40 30 87 97 56 32 28 17 90 40 44 59 92 6 50 17 94 62 19 53 49 64 68 20 46 71 87 25 49 93 36 60 33 59 9 80 41 59 67 48 67 92 0 7 59 47 48 59 56 5 62 
50 10 89 66 20 49 57 60 75 55 29 25 62 19 38 4 1 11 87 50 93 83 13 37 78 50 62 27 38 26 15 7 30 1 35 23 74 62 47 13 68 93 49 67 0 43 18 85 55 46 41 82 14 31 82 77 53 92 82 56 73 9 32 61 50 82 67 72 72 94 82 44 3 67 51 29 50 76 48 34 
72 37 34 56 63 2 4 91 61 53 38 38 48 49 74 26 35 64 45 40 69 76 7 26 51 72 40 79 26 47 7 5 18 66 36 56 59 77 53 13 27 60 48 37 65 56 93 90 76 82 59 1 54 20 96 92 49 31 88 79 13 59 10 63 84 19 27 88 21 58 60 74 44 20 86 64 71 28 66 18 
61 3 1 77 77 83 14 60 99 51 71 49 11 6 74 30 46 55 53 63 79 12 66 92 7 25 12 67 5 0 64 2 78 17 87 54 51 41 25 40 52 40 49 80 58 40 90 5 11 75 56 50 93 80 22 26 3 23 57 8 30 73 50 0 81 55 38 65 15 69 2 3 29 23 15 55 33 63 74 6 
70 36 30 90 55 74 28 21 45 86 29 46 31 36 8 25 95 92 76 1 71 48 35 5 43 58 1 35 56 42 28 78 43 1 23 21 8 54 93 57 99 57 95 22 11 48 12 25 94 66 21 11 15 8 26 15 37 82 81 86 57 7 75 79 80 67 82 28 65 42 77 82 72 46 3 43 96 88 86 57 
20 86 45 19 80 83 93 47 33 24 82 34 58 58 48 17 76 47 83 3 19 79 27 13 43 43 91 62 24 65 41 37 27 20 86 11 90 66 52 64 2 68 19 80 74 73 96 78 50 21 30 42 89 72 48 81 0 35 95 65 50 71 94 91 1 29 42 26 32 98 13 53 51 58 87 20 80 17 23 35 
60 95 13 18 20 3 96 40 50 31 35 9 42 72 67 22 68 85 55 55 7 66 23 66 62 36 43 18 80 35 77 17 62 15 73 52 30 5 52 11 73 98 55 87 94 14 4 50 80 0 53 61 63 8 58 54 61 86 17 44 66 18 22 74 31 57 82 9 28 3 72 73 62 80 65 36 32 53 17 7 
59 40 8 75 17 39 15 70 66 25 95 74 16 4 81 14 91 22 89 1 76 20 16 28 12 31 13 61 20 29 28 80 43 30 86 62 57 70 11 85 8 18 82 77 79 73 59 65 17 23 11 79 5 31 51 0 18 65 51 52 40 0 2 27 54 86 61 27 53 61 22 45 38 20 74 20 40 19 46 46 
45 98 45 61 41 58 51 67 38 98 93 29 90 40 71 65 83 3 26 81 20 97 42 37 88 27 25 0 82 65 97 25 33 36 51 40 15 55 59 6 7 8 65 58 72 95 62 87 75 64 93 38 55 61 68 94 75 17 37 69 50 16 32 91 40 51 49 78 23 70 80 10 65 54 49 7 69 21 56 83 
26 33 94 29 55 11 88 5 70 21 81 82 21 73 84 46 74 41 69 54 72 40 7 41 48 96 17 26 63 0 32 25 27 97 82 26 47 34 85 75 87 60 38 2 64 62 37 59 43 10 62 84 4 35 87 65 13 60 79 66 93 2 11 20 29 10 41 76 27 81 2 95 11 93 48 50 37 98 24 34 
32 77 55 91 22 7 20 19 71 93 72 95 25 72 60 53 95 15 31 42 49 44 60 72 39 70 61 99 68 77 17 33 99 24 13 84 94 43 27 95 55 45 83 98 30 14 6 6 7 32 61 78 72 45 99 15 0 57 81 19 33 70 26 19 32 99 82 60 38 37 5 29 56 72 61 85 95 87 53 38 
29 83 90 1 65 45 21 1 90 53 44 7 15 70 41 60 79 12 18 4 67 4 11 65 80 24 44 48 67 26 69 98 14 50 21 77 99 13 15 76 13 34 52 86 25 67 3 44 22 72 37 40 19 28 54 0 29 49 56 43 42 83 71 51 5 57 46 53 4 98 36 11 65 68 69 81 74 84 99 49 
89 42 45 96 93 2 61 30 21 30 8 39 55 10 7 18 59 93 66 83 70 84 93 17 11 53 72 23 10 44 98 69 87 46 91 74 2 20 33 4 96 54 51 95 75 0 62 40 44 69 82 77 15 53 74 83 66 68 60 76 23 57 89 12 85 55 39 71 88 52 17 24 41 23 56 86 31 36 59 59 
13 8 23 0 47 19 18 86 88 88 74 24 47 15 18 45 14 59 25 47 92 42 53 10 78 16 23 88 30 46 19 20 92 12 55 85 79 20 14 77 19 6 42 73 50 68 84 22 6 50 58 12 1 17 84 26 69 47 18 80 61 57 38 53 39 61 86 41 9 81 41 89 34 61 85 62 33 34 18 80 
29 80 30 8 12 60 52 5 99 43 42 1 53 16 15 62 38 64 99 68 58 34 37 91 29 22 92 92 19 60 31 2 73 5 49 31 67 72 96 25 10 30 14 97 75 64 16 41 91 71 52 22 27 89 87 64 96 77 32 54 23 24 27 12 82 15 10 87 20 67 65 15 35 14 7 62 30 54 62 72 
92 56 73 57 85 36 4 81 31 48 60 73 97 3 98 97 90 54 49 76 11 80 34 78 52 77 77 17 49 19 34 64 9 37 55 12 98 3 4 15 75 91 11 60 17 95 58 54 78 87 97 56 73 74 84 84 17 18 50 5 19 8 73 97 46 35 74 16 89 81 48 31 58 10 19 41 58 22 1 26 
82 58 20 88 35 12 64 94 81 19 75 6 67 76 29 1 86 11 53 18 91 87 77 91 54 61 49 51 4 40 95 65 84 55 32 28 94 40 52 68 2 72 86 56 19 24 0 25 90 31 80 80 97 1 32 28 56 22 52 25 95 55 34 6 81 10 52 97 11 95 68 25 72 95 17 87 90 2 86 63 
87 86 6 24 88 94 62 14 90 22 95 46 15 71 59 57 53 9 13 17 92 45 47 88 0 79 76 59 99 25 60 79 33 98 20 63 41 31 27 24 80 71 8 1 54 80 43 32 17 0 46 14 40 32 72 16 7 60 20 80 72 9 58 16 84 85 96 76 72 98 43 82 34 87 63 87 29 54 26 13 
38 53 5 22 93 46 56 12 6 17 51 12 44 50 38 79 55 92 88 7 1 77 66 16 29 69 77 89 17 49 44 5 62 81 86 54 81 59 53 92 60 36 21 77 98 75 59 74 32 74 80 70 36 35 41 81 21 42 12 19 15 67 77 99 24 41 98 20 55 10 64 76 10 60 94 11 2 23 3 49 
61 82 11 20 38 93 50 43 20 80 51 26 24 44 91 24 2 3 72 8 56 6 96 84 85 26 44 71 58 23 42 52 14 36 62 9 29 70 93 82 66 35 61 27 3 29 25 45 32 60 68 84 55 0 97 69 30 60 98 7 52 31 23 99 93 60 90 19 39 92 13 19 30 81 32 83 20 3 75 35 
23 1 71 52 81 12 63 64 61 28 54 90 38 91 9 88 66 52 35 80 68 67 44 83 34 69 46 9 11 49 21 50 10 55 85 76 63 16 49 64 23 59 59 63 64 98 14 38 19 50 85 69 27 83 84 56 82 6 41 66 23 3 57 22 18 59 43 10 18 19 51 43 27 63 51 19 67 74 87 58 
88 6 98 75 13 98 83 93 62 30 55 88 89 48 71 32 66 50 21 77 63 75 77 57 4 59 24 66 15 65 76 28 68 37 18 50 26 65 99 83 24 86 5 97 69 65 72 10 64 50 69 31 7 81 98 33 6 3 57 17 25 32 60 44 9 59 91 13 37 99 93 22 57 96 79 98 50 84 40 18 
26 96 82 44 53 49 30 30 74 43 30 71 20 61 10 81 28 60 91 60 29 1 73 1 36 86 38 56 56 61 15 98 81 20 33 1 72 18 65 11 9 62 3 56 42 17 25 2 36 72 66 76 43 8 4 60 88 29 53 14 49 87 33 13 62 18 55 2 9 52 3 81 65 51 9 53 34 56 14 66 
39 48 70 15 36 63 9 76 71 92 54 24 69 37 51 88 82 46 28 5 41 28 47 10 39 92 18 31 68 80 76 22 49 97 12 72 86 73 91 48 46 2 41 95 67 56 5 58 40 21 95 16 3 98 69 91 24 67 42 45 8 51 30 41 49 37 98 23 55 34 53 94 51 13 48 92 25 50 3 47 
20 85 71 10 6 51 99 12 28 60 32 97 51 54 9 35 8 14 52 46 99 64 51 76 79 59 54 41 48 59 98 36 7 67 88 0 77 38 86 53 18 39 49 3 13 55 6 30 4 19 43 58 74 19 45 27 28 33 54 95 22 33 19 24 96 20 48 8 50 59 8 74 32 72 2 42 7 11 96 31 
9 62 25 94 31 27 97 8 11 78 64 49 89 84 68 93 32 68 83 70 33 99 20 30 40 85 40 9 0 89 83 26 56 63 54 17 90 84 7 3 21 20 55 18 88 51 41 72 31 37 37 54 12 88 34 97 21 29 53 29 70 19 29 14 18 23 96 18 1 54 6 85 89 31 50 8 25 35 38 94 
45 10 79 94 28 57 94 26 48 0 40 29 80 19 71 53 60 51 31 96 65 35 31 13 63 8 83 95 43 30 50 5 73 55 91 17 57 93 58 80 44 93 30 88 98 87 53 91 68 8 70 98 93 89 26 20 78 65 68 64 64 88 3 58 93 16 73 32 48 51 20 91 65 84 30 35 2 50 0 55 
98 24 57 26 99 48 70 58 48 96 15 3 72 97 57 48 98 36 64 80 39 67 57 46 6 20 70 91 39 78 74 98 19 44 54 75 10 25 75 1 93 54 12 70 90 43 15 8 13 54 24 72 0 69 65 92 57 4 39 91 4 32 29 55 96 95 15 23 58 18 79 91 13 97 30 35 57 35 32 25 
65 68 16 51 52 53 19 36 32 21 41 75 97 93 75 59 3 24 16 75 88 2 53 50 90 31 10 86 8 38 10 32 80 97 71 35 55 22 61 20 34 55 95 53 3 93 16 32 51 59 46 72 54 52 39 12 81 66 17 21 31 77 44 75 69 12 35 56 14 94 71 31 86 24 1 18 16 73 78 64 
19 33 26 61 18 26 69 88 39 1 13 59 22 34 72 75 72 5 27 91 65 75 27 66 67 19 47 38 65 69 43 87 74 14 58 77 42 19 8 82 99 19 28 36 99 14 65 9 49 19 99 79 84 10 28 98 78 71 54 31 75 68 91 73 35 93 98 92 98 48 69 10 28 17 45 17 70 16 48 74 
71 1 29 38 80 73 73 68 29 67 67 10 5 38 92 99 29 6 98 2 21 76 23 14 7 42 14 92 19 93 63 10 12 42 51 18 16 97 3 45 70 69 97 16 1 99 71 90 4 85 42 41 91 73 53 24 23 7 71 16 18 6 61 41 85 68 33 9 2 75 65 30 17 89 17 10 24 83 89 63 
91 20 0 5 23 47 95 22 9 86 22 64 29 34 35 82 60 92 55 32 39 62 18 28 79 35 84 25 2 22 91 27 50 41 87 67 17 44 79 3 2 87 25 28 43 29 45 17 49 67 66 41 11 73 4 4 41 1 52 61 78 63 67 52 78 31 50 91 5 92 67 96 7 29 28 1 26 19 53 85 
40 27 76 70 0 85 62 7 53 93 29 24 30 89 83 86 69 97 36 37 82 49 16 54 5 98 46 43 95 47 57 59 1 74 31 27 78 57 74 62 96 79 45 19 16 4 86 32 6 46 81 57 31 30 47 88 7 41 48 99 24 89 28 39 90 70 99 94 19 32 71 85 53 94 49 70 74 48 13 74 
89 91 28 30 57 99 68 35 43 84 79 77 91 98 9 92 53 50 96 94 3 64 85 56 85 96 16 19 37 18 54 26 66 62 38 11 32 97 76 23 55 97 78 59 1 92 64 48 43 39 86 61 38 95 97 15 57 89 41 88 77 16 93 0 95 83 50 25 7 50 68 18 28 97 73 41 49 84 89 77 
12 78 81 95 52 89 0 63 27 53 6 90 29 75 92 73 79 22 82 83 3 38 44 3 99 35 78 84 98 27 3 42 24 37 34 59 78 32 77 24 17 46 96 91 63 70 60 35 42 43 88 28 39 73 36 58 48 91 73 89 34 50 8 43 60 51 70 75 2 46 57 9 60 0 48 67 5 55 60 23 
60 28 21 46 63 9 80 74 71 50 48 90 70 23 66 26 91 12 84 61 41 36 75 13 43 37 68 57 8 76 80 25 30 75 38 83 32 2 64 60 49 44 66 63 11 26 2 15 40 31 58 21 53 85 76 48 13 45 93 61 27 20 64 24 58 37 46 11 3 59 99 79 71 48 50 17 34 3 59 9 
16 82 41 47 92 59 60 43 82 42 98 73 64 60 63 1 61 24 15 8 11 44 80 87 20 33 20 79 58 0 22 46 85 69 16 24 72 39 43 26 4 6 74 15 32 78 55 86 97 34 68 49 8 51 20 8 52 54 54 43 84 29 38 48 64 98 82 12 38 10 76 20 82 6 67 15 60 21 24 72 
81 50 68 90 86 50 48 70 35 1 8 2 42 5 34 23 8 71 2 13 65 38 86 9 79 72 85 87 4 20 53 67 30 96 85 61 78 28 73 99 28 71 66 25 53 8 72 85 86 21 9 46 88 72 7 95 59 88 28 1 20 7 89 13 1 50 33 51 90 86 3 92 59 58 50 63 33 92 73 33 
86 14 2 99 74 96 43 37 93 2 95 94 93 90 18 78 35 62 14 14 83 56 45 52 48 7 1 20 87 20 42 52 28 79 47 29 34 78 72 86 66 49 82 68 65 57 68 73 72 87 61 64 99 11 98 27 40 62 59 40 39 98 53 80 85 94 93 13 12 86 6 94 16 46 78 33 29 39 5 6 
66 60 15 99 45 67 66 47 24 10 0 7 83 70 11 50 1 72 66 27 97 39 85 74 42 11 16 3 56 49 25 32 78 99 81 49 89 66 48 25 45 34 61 52 99 25 19 73 33 47 20 1 98 22 95 55 38 40 52 32 26 60 46 57 93 0 20 6 83 22 23 49 45 91 38 48 46 26 29 59 
3 3 2 59 61 95 63 19 10 85 7 62 0 83 43 22 55 59 50 64 39 99 13 73 63 43 92 70 35 97 85 8 12 68 16 0 66 78 95 57 32 27 34 70 32 21 34 13 34 60 20 58 52 33 8 32 53 79 76 98 98 51 29 40 31 99 33 97 68 69 1 2 0 54 46 58 13 79 25 18 
24 68 46 98 82 52 78 60 19 79 17 75 15 75 85 5 37 5 24 2 61 7 70 58 57 26 10 19 37 3 81 99 99 70 21 61 45 11 61 8 13 39 59 51 33 73 57 23 42 10 59 89 5 88 88 88 33 98 16 66 22 77 9 7 27 59 14 84 57 74 43 81 34 77 29 9 65 91 45 37 
79 2 79 94 92 4 0 11 78 28 32 28 52 88 2 25 96 12 9 10 42 96 58 23 84 52 39 5 51 48 7 93 17 71 62 20 3 50 8 64 58 60 0 76 92 55 49 83 77 92 41 89 43 17 21 74 8 43 88 22 23 31 22 39 43 4 11 76 13 37 60 58 5 60 27 10 57 10 50 47 
55 20 43 0 29 18 76 4 36 87 60 63 66 11 41 24 77 40 36 14 9 18 12 90 15 81 14 6 52 86 54 90 62 23 84 97 96 15 5 98 46 75 29 49 66 40 3 24 53 29 23 48 91 29 11 60 71 84 80 57 49 6 80 51 96 33 84 10 76 38 6 14 65 97 38 68 58 25 1 64 
52 87 65 71 63 93 81 63 14 5 66 13 60 13 40 16 18 0 51 50 48 93 66 13 52 49 43 51 81 18 8 82 89 75 78 62 81 93 66 11 28 39 22 18 31 97 46 51 60 58 79 80 73 34 59 71 13 48 58 7 63 82 10 47 96 25 27 25 68 47 85 14 69 30 99 78 96 64 25 79 
53 90 53 87 35 88 98 47 63 91 37 53 24 50 89 80 47 74 95 18 43 26 96 65 90 40 64 38 82 27 46 72 84 84 60 39 35 48 74 46 51 7 45 10 44 94 41 85 90 36 71 97 56 66 59 4 95 8 89 48 40 70 55 69 11 90 41 78 7 4 53 96 62 43 19 80 80 3 73 49 
78 99 60 83 8 97 37 59 58 83 7 76 34 81 96 69 45 79 52 35 17 87 38 80 78 29 18 35 74 80 46 21 31 47 28 27 55 19 5 88 88 69 12 72 80 86 58 45 76 74 22 27 92 71 63 77 21 87 86 54 36 92 7 95 75 26 80 92 66 94 24 55 84 45 94 95 94 33 63 19 
10 67 67 32 91 91 78 99 86 10 13 28 69 4 27 87 95 16 11 26 2 92 26 87 73 36 89 40 57 70 53 32 79 14 63 71 95 91 53 14 95 59 34 81 92 60 66 41 46 6 44 3 66 94 47 75 57 90 40 41 58 91 24 75 85 15 73 13 22 52 15 79 37 31 42 44 30 34 77 80 
87 78 42 23 26 84 17 38 24 80 85 63 17 86 93 40 81 6 88 49 48 67 39 33 86 64 46 31 14 54 61 18 48 0 54 36 19 3 8 23 77 38 10 1 57 92 63 72 39 6 6 80 54 14 83 55 19 32 6 56 9 21 95 28 66 61 9 13 68 4 90 84 38 16 52 88 25 76 40 95 
95 86 7 74 75 31 34 87 72 73 82 42 52 54 91 17 87 54 78 24 97 87 6 13 8 46 97 12 24 23 7 42 20 57 69 34 4 82 31 92 68 1 77 55 20 79 61 26 66 98 54 3 49 92 44 1 29 63 24 45 86 38 60 22 61 86 52 90 40 24 2 77 43 46 7 66 22 27 67 90 
7 91 53 18 15 40 74 45 77 86 30 72 36 34 57 33 1 18 96 76 20 36 69 16 95 27 78 94 52 28 56 2 64 13 8 61 51 64 55 26 37 51 80 65 88 14 84 88 51 27 59 87 79 12 82 19 51 41 57 65 47 48 72 85 72 61 44 0 98 78 21 31 52 97 91 87 40 59 87 4 
81 40 97 0 28 58 24 61 2 63 94 10 35 48 59 62 46 43 83 9 46 23 60 54 64 10 35 39 7 59 52 48 93 38 79 95 47 8 51 95 91 85 3 80 98 2 72 30 66 58 0 38 48 21 57 70 77 1 62 24 5 2 31 95 27 42 84 24 23 25 51 54 54 49 90 13 92 49 95 7 
98 67 79 36 27 76 71 48 90 26 35 25 8 70 56 30 49 23 26 10 21 81 62 12 60 35 9 30 28 88 21 49 58 32 91 19 54 21 33 4 12 51 1 60 75 61 58 88 80 28 3 30 94 22 43 54 10 62 14 27 52 53 18 10 30 99 57 67 97 30 76 35 56 55 98 40 50 47 59 90 
28 28 20 24 42 65 80 17 33 12 94 89 13 93 66 5 43 48 73 95 62 48 57 87 76 3 43 87 95 46 4 74 37 9 45 46 69 73 57 65 17 79 61 63 21 21 85 54 11 1 44 95 57 22 47 62 65 34 40 31 47 9 6 47 88 13 49 61 79 43 2 81 92 36 2 28 29 53 57 37 
