35842 29195 23351 35129 27409 25594 24126 32064 38295 17543 
32736 26265 26712 37883 25158 24309 23561 34760 35637 19062 
28076 28380 18620 35164 25399 21976 19089 32552 33047 17539 
34851 31826 22714 43100 37564 25801 30250 39213 41890 23484 
32803 26123 17785 37966 32996 20722 25697 33735 37429 22424 
29504 28539 17917 37486 27377 23090 22795 31272 35089 17947 
18622 13690 9632 20994 19617 9505 12938 18495 19594 14341 
40077 32556 27249 42871 31281 29152 26546 38606 44118 23335 
24663 17807 18791 27196 22704 15788 18587 29054 27662 13549 
31629 24507 13025 32789 32438 18774 29077 24443 34785 20913 
