177479 180148 205489 195848 200412 182888 197834 187784 189957 193471 184441 188460 191315 201575 173753 192546 192616 205450 141703 185018 192564 179647 188068 201395 189795 208366 215446 172613 200330 190873 187524 217283 223229 210522 204207 184370 168072 187829 202132 176021 165487 186283 179265 191004 203192 203951 191632 203269 160529 208164 197093 222757 193787 185982 187930 208382 198302 171619 176028 188319 205869 213334 193833 205135 199964 174889 189843 212178 172360 186249 196212 180115 218425 189224 218826 180475 181637 185284 186935 183567 
200639 190770 229533 212477 216282 196369 207273 206255 191193 197495 204735 223929 188002 204090 203734 211725 210442 214417 156524 225858 208680 199386 213726 203658 194735 245348 220962 210737 219513 214517 197757 218109 232563 229586 207288 200679 198303 201219 226537 195925 181521 206496 203289 220296 215781 211347 213135 192124 177048 205889 194327 215766 221424 199169 216054 196013 220241 176867 198479 196998 225558 217883 215081 212631 217343 181766 213402 240110 193149 202553 239599 196577 230632 200353 208945 211336 190179 208561 210420 204164 
177428 178258 218878 190368 218182 181064 201517 189024 204038 195357 180443 203230 179862 199177 186132 199903 190913 199125 147611 195251 183972 188069 192317 205772 185951 217051 189181 186013 203614 195948 191265 204550 208563 197099 209400 182629 171372 189335 183569 174140 175572 191947 185188 207224 212981 205446 208951 188374 178920 193614 189343 216284 229508 185984 204158 197403 205635 180237 166845 188728 204464 206276 218578 213843 212491 175906 199597 222443 192338 191204 212489 187642 216360 191604 213520 204513 193072 184182 191596 201695 
169697 181291 192120 193828 192447 169720 173954 187242 186457 185432 175492 201507 172642 184598 168473 183327 186970 186106 150205 176536 181266 166446 182340 174363 182815 223238 190971 188827 201290 191902 170570 194146 196447 196723 179295 179632 167721 180788 187558 168484 167893 187431 175318 199965 206604 206071 177006 186238 163964 181315 163047 215564 193605 174429 195651 178755 182633 179368 162812 188346 188334 198662 191988 201358 212702 184594 188207 197178 173075 178554 186033 183704 193261 179302 184819 186392 180758 172325 183652 175000 
180792 195166 203667 203435 213927 188173 195225 207616 195738 209059 192373 205664 195797 200509 187640 199352 187537 211282 171004 190035 194135 197047 197828 214188 207404 235553 210850 208470 216087 195935 202388 217137 225361 213337 221324 183062 175222 205626 210881 180509 184631 206561 201666 207646 223517 224137 209842 198832 178214 207205 182213 223021 215301 184974 197228 196911 201792 174707 192063 197866 221216 217109 217631 210339 217348 177250 212884 219780 188556 208846 208492 199414 233418 201506 220355 203896 199339 187519 202129 220171 
189348 195208 211978 209288 212556 212386 210991 208709 206136 211376 191816 220284 202014 209019 198283 194410 200998 222139 167721 205547 204638 193413 211409 201743 214371 243645 209630 211132 219134 197765 192600 239368 223087 224187 222263 199223 169187 208460 224334 203153 201978 207485 208701 216328 222325 231270 211133 222594 190186 203679 203644 232066 216080 187622 205834 210556 207200 181865 199707 198978 216325 225481 221776 221461 232939 179241 219849 237311 195748 201813 208745 215890 227771 195887 221944 204563 190865 193651 201282 209854 
172592 187526 208360 200621 193233 182444 194614 202419 201081 195631 179101 203594 187622 198409 176531 207627 199337 205839 156326 193576 206851 189449 205505 189497 198534 227946 203346 195495 220292 191121 196226 225568 222772 213336 203609 179548 179706 203523 205492 169656 178133 205806 187044 207797 219791 215608 197897 210007 172425 201019 191792 204938 203644 174599 211821 205533 211511 183074 170239 202015 198987 216222 193402 203501 209758 189103 196231 207242 191584 190155 193977 193719 211109 193335 196956 195693 177163 186631 189543 185763 
176761 188306 205847 198588 209365 187813 182741 205395 183809 216157 189771 207781 188655 202855 178452 205342 196506 213480 160914 199763 191329 182303 191494 201149 198134 229536 213972 206826 208873 201624 193012 216032 216328 202678 207785 191065 180063 201218 199660 181267 182388 214979 185737 212423 225083 208674 201704 209643 173761 208264 193751 220070 233362 191129 205102 200354 216069 172750 183880 185890 219215 218281 210991 201614 220673 174450 196151 231229 188855 205886 219943 206731 226851 197090 213137 202806 194245 194934 193674 203574 
191186 191065 226748 201950 218877 206792 201637 208202 204589 201112 196372 212889 184334 209882 189886 199977 204649 223003 153503 204783 213746 182356 196964 210441 199465 212780 212790 208769 222863 205746 192448 217754 227768 213623 204299 193433 160035 211736 199533 184513 175705 210809 198465 217127 213132 219833 210262 216251 194240 211680 183318 239296 222303 189408 212425 224222 194650 190667 180267 201028 224317 220794 216254 218059 218409 193377 212985 238795 180426 206316 201536 205092 219962 179821 227991 208867 202921 204690 203447 203431 
203224 186070 217027 213889 200676 194609 199716 208692 186279 190284 191766 195692 206253 205481 181597 217379 200110 207828 158439 190062 205528 194865 185157 207426 200725 230021 205405 224639 215882 176830 194708 218325 227946 222411 214583 208084 182251 200081 213082 186370 185609 194096 187591 198828 218283 218741 220553 210239 189445 202796 179370 215178 231330 186595 212842 200718 239604 176527 188738 201180 222031 221206 212827 206672 208190 190221 211463 222092 190967 199931 236794 198827 229840 178424 219599 207692 196620 191318 221577 209410 
163141 163150 195011 181413 185112 171302 168680 180922 181042 175111 179628 188051 161390 171481 167345 184926 178653 192846 137348 175428 177258 162720 179251 174608 164036 217053 193932 166226 183839 182881 169688 216981 205448 188483 184419 180160 173119 174201 189407 165051 172552 185896 182506 187122 201242 183883 186730 186022 148768 185086 174853 189044 201715 175991 167356 177105 188272 162587 153859 165355 187383 196111 186967 190896 195859 145259 181088 194121 173611 186411 186333 174225 202554 179837 192698 176094 171220 176070 187614 197462 
188307 200342 207301 189183 197649 190855 189444 198187 193907 201997 195937 212943 183089 195085 171922 199560 200993 207882 147109 187771 201864 183709 192732 192369 196157 220104 213011 190608 206805 182059 199064 222815 207676 212723 202023 184984 171433 186818 201903 189247 188877 197309 195410 190215 215936 205069 207199 221084 168946 199321 184747 218141 213784 196752 184464 190425 209965 181350 187078 182326 215725 213469 207220 213217 213144 178659 205904 225044 195814 201128 205402 186574 232212 194982 212922 195701 187693 188882 193578 202822 
193110 192938 203388 186123 200432 182981 191549 173867 187404 201129 186156 192430 194978 188788 180474 204594 188856 200289 146899 185417 204415 183648 200061 190289 180437 219383 195346 192452 204392 173395 188301 201832 218378 205455 195429 172827 156197 197519 194276 165868 173127 181345 175329 195296 200696 193523 197687 193807 168729 184987 188500 223654 203786 179709 192597 188034 200061 168724 184311 170284 207145 219730 196682 210953 207801 178952 194693 221702 167777 186061 202577 184949 212128 185726 212246 177027 174119 189811 191120 182929 
193242 175104 201602 188153 188452 184523 183733 195354 184196 184483 180198 189595 169638 188727 173116 192627 174727 192343 143014 187367 202685 178621 186646 167076 170200 199773 196720 187709 197280 190724 185058 206907 203624 201323 190779 176822 175135 183470 187519 175304 165065 188069 172983 199474 203464 207350 200208 189707 168000 185578 187648 208196 210346 169915 177035 185889 192885 158484 181822 190318 184560 218656 185428 196795 198513 160411 192900 205831 176161 171946 197873 187618 194261 175860 195036 187771 174737 173002 189460 177076 
167280 167456 199520 170769 191221 169170 183916 178046 175171 185389 166814 196541 164323 172716 177130 186122 176648 201681 142537 193700 184048 162798 168693 174612 188314 222574 180352 184871 189694 182772 182294 189147 195591 195455 192287 174572 166681 174013 188794 171836 161042 188227 182521 193574 194503 192720 178431 189359 151965 170750 187885 194325 189768 168179 194638 191977 183889 169852 173155 188497 199367 193116 188260 191566 200431 164294 203386 201496 181735 177587 188295 179458 199017 183651 186832 191218 176017 165031 185207 191031 
159120 172165 188013 160146 173690 164357 175714 170518 176960 174174 174974 195697 160927 180133 170632 173877 171283 183667 120520 168603 194768 162840 170627 173782 156621 199458 175907 172875 183592 168202 172939 187852 185835 177764 190601 176846 149125 176021 164508 159250 158586 167295 176836 185022 181015 178673 186261 171826 159171 176587 172511 202061 186183 161908 180332 178574 184821 159910 155345 153684 182444 186307 186625 196601 199529 154228 174062 203695 170514 177331 182208 160666 193537 173455 182147 177484 171599 176742 163358 176276 
153938 153286 171672 169191 172174 169257 156014 152137 150254 169451 133762 173930 148133 153552 149467 164294 148708 168115 135424 164067 180492 156988 165605 155982 158119 195810 174583 163045 178105 162533 170910 180706 171388 171133 175675 171101 147079 161605 165112 157983 150105 176455 158834 167870 173701 180784 174856 160482 148835 143259 162157 176781 165530 145048 157210 165242 177183 150933 153811 163872 170901 155390 164996 179679 181292 147386 165120 169820 167823 161901 177457 172742 178665 156228 164108 176198 153333 167839 169995 170292 
161262 156419 204658 182939 174637 173403 179428 162529 180615 174194 164683 195794 159268 181839 158428 188136 192436 178757 131363 187979 175939 178871 175140 183616 169337 199311 183927 178034 179034 180145 176581 197703 198746 200007 183912 178479 162795 185614 186925 168811 152543 184653 170214 191521 180482 185683 183860 168173 156130 179188 175693 205540 191082 171675 190458 190913 195717 165116 153115 174367 194344 189653 189703 191764 190282 166082 180191 204721 167363 185926 206277 178123 205510 171216 184529 187858 179209 179158 176450 178373 
174255 156176 193632 189243 180303 174019 184184 181166 167518 170171 156785 183121 163729 166625 167171 176768 155711 195018 127657 182890 181435 177400 160294 174837 165821 194111 178500 177013 181655 165648 175296 197198 180387 185290 181613 164973 150743 167070 183014 158265 152436 182357 164229 182845 186091 186237 178042 180079 164573 163427 176218 197098 183745 178497 165756 169694 169197 151925 166121 182413 171834 191596 181105 181562 193237 155986 186958 198306 167480 160332 184874 180790 186960 170122 199992 190599 164761 160241 174841 180553 
163846 186117 198110 199300 189193 175265 202097 201828 192379 183117 182439 186499 183846 188847 175141 190770 184124 185166 154383 186173 200199 194697 192153 200296 189434 204459 196321 193665 216380 175568 194103 206545 210555 224276 191608 186690 176995 188328 198120 176855 184455 190521 184975 193424 197049 207639 199024 189940 185525 194733 181331 206202 202643 185322 192193 198984 205708 180002 173316 200825 208926 202544 198757 218852 205352 185141 196051 206060 183464 189954 201127 189214 200754 187339 192247 201873 180069 183153 192273 187918 
168985 162929 183935 164792 180801 178484 163009 191697 178701 182079 169301 191620 170529 177076 176256 180910 186132 182254 147688 169440 174406 169116 173303 180323 173660 201742 188475 175824 194983 185731 175529 217982 195291 180485 180093 175004 154894 186245 191072 174243 167362 171414 176000 195160 207342 193141 189595 187425 158067 178533 197555 190240 202900 158446 177690 197650 173545 149764 160875 182325 189117 209155 184536 191024 189250 154438 188802 196342 162088 167443 191097 186644 182230 177780 198245 186286 162527 175724 179518 167123 
181957 185859 218363 210218 188234 182727 200721 193189 197431 193718 167888 197479 190498 190621 176328 206354 203420 204757 146931 194214 208935 191862 185226 199750 191354 219900 206063 191675 212730 181999 196665 224620 213601 211789 215013 196006 180891 197543 207188 184060 176803 192477 191358 198615 210560 209305 210910 195351 180723 208076 194881 225304 207270 182415 206278 206610 212623 185110 171208 185237 200462 221876 200492 215666 218781 194995 199960 210405 170911 195147 213415 185359 230681 191362 213671 207727 193324 193780 199406 193716 
200111 202483 212655 221924 217978 214061 217820 212072 197685 223869 206517 213340 201202 219897 179851 220462 199767 227186 177402 211643 222534 194101 215857 206116 214566 244548 216135 206082 224370 210246 211352 225990 239006 226683 219411 209127 193375 216043 219259 193291 190664 226009 196687 207643 240732 225000 216958 237765 178815 223393 196301 231988 234772 198386 213246 212754 228604 196826 193264 203623 225241 230511 214508 220000 232498 181276 222543 236286 216444 214755 225369 206618 245482 210256 208151 208331 210229 199115 212085 220504 
171558 174548 189306 185335 187331 168743 175514 179058 173551 201001 188146 204398 170871 172961 184462 181088 181927 197133 145672 190940 190692 155584 190783 179386 169306 216000 187557 186423 189985 182503 167892 220593 194781 185534 189913 178310 170771 189726 188008 167376 174183 189024 184104 195112 206237 194426 192226 191081 169974 183692 170163 204601 210708 183499 168234 169453 191350 156182 162159 167268 175460 198623 210917 204097 201361 166205 196399 205542 187154 174144 215666 172709 204264 172400 191474 197957 170258 188102 185471 181342 
183464 187841 214496 197029 197008 209101 190273 193894 188959 196198 186739 205590 184407 184655 183250 204206 186495 210115 147523 202816 221414 178017 182278 208527 183900 221837 198331 204180 215990 180747 201788 228685 208523 199191 189807 204260 164332 203378 184338 174025 194729 199887 182489 201228 188800 205947 219474 217170 170474 189948 189375 225289 204949 190960 190055 203230 217434 192688 188289 173535 205398 200074 209966 214798 232423 175261 198391 217840 194170 210102 195259 194994 223185 181193 216061 202469 190302 182736 196055 193041 
154292 160579 184904 171756 169353 167739 165214 159121 160860 167326 142550 166819 161661 150493 160977 168583 157166 183765 133648 178826 170298 158045 166329 171065 170112 203135 168938 173796 183627 170503 166303 182982 183611 182329 175779 157082 149853 179840 173275 157798 146925 184081 164021 179818 181554 190251 181924 162950 156253 172939 163340 195802 181826 161043 167599 165376 176644 146744 156523 182365 183322 170979 185836 183775 173167 157089 169115 184137 166231 167896 177172 168796 198573 155332 191061 180459 165129 165098 171266 178574 
183859 178806 224582 196856 204822 192573 209993 205099 200698 198990 192384 212736 178122 199661 192833 200668 182636 210610 153642 199536 203518 194853 189644 196306 203862 224843 212299 195541 219038 191046 191374 224288 206631 207101 213261 182742 181363 197210 208059 188162 183071 202469 199302 204703 212594 210955 191717 212132 177477 192757 183428 224985 217218 169806 194618 197645 200563 192383 182192 200294 199833 208218 208989 214997 222830 178186 217987 236221 188250 190775 213811 187621 221071 186374 201390 213166 176109 197646 200780 202115 
182053 179873 208064 193660 195545 178741 198606 194255 191592 189058 181841 200903 174166 187363 181849 189997 182782 194154 149756 175489 188719 184696 185566 176772 178574 218657 198081 189751 210841 185729 193279 197595 210101 197165 203913 182559 177097 188315 193275 176295 180719 180898 186271 189740 204503 202886 198537 191767 177958 185943 177012 218923 211055 175865 195888 188661 201200 177980 173468 195650 202058 209395 205634 205935 207819 175435 204385 223693 178082 188275 195930 174712 199599 181628 201363 198371 187592 192905 186370 180321 
177974 182132 220370 198736 200932 175455 191918 192010 193871 196564 181769 210843 182803 188560 184056 190197 196501 206898 146076 193711 198348 183917 179896 192277 194785 225582 206580 193992 203550 197537 191428 217374 211114 198975 210863 195663 179188 189911 198612 182252 172447 191686 184219 204477 208375 210660 202563 208451 185081 189884 191589 205636 211065 182563 184206 195640 201508 176800 175988 184685 195922 206085 203905 208163 210478 181237 196780 212617 193662 184908 209194 185198 207972 193230 205342 207038 177095 190842 189111 198102 
166089 164825 193359 163844 165640 175677 157372 184837 167408 190209 147838 187513 165084 173796 156125 181345 169604 173005 146029 168418 170951 168894 168184 168260 178572 196436 190293 176600 186563 159983 169367 200838 192853 185960 188477 165278 141595 169799 189359 157543 148672 183222 162548 183565 196451 189101 176349 180614 156838 163279 169435 184260 179938 156752 174691 184189 170994 160737 160492 185218 188072 188327 167540 179068 174249 163428 179702 194615 156257 164106 181606 168870 196780 165228 174739 180659 156263 155370 169854 167063 
171254 187880 200512 188261 201997 178193 194735 193246 191626 201657 193476 216490 187334 192522 187945 217043 193855 200812 149770 185986 186258 181846 186335 194308 184590 228970 201850 182920 181393 183067 186880 209645 206390 195428 195122 186843 169981 196968 197949 172683 180000 175509 191912 195999 209468 198481 202136 181387 170154 200135 184046 207108 201164 188722 201676 201346 193482 178486 163552 184210 204351 211790 203404 213175 216486 165335 206078 226931 178622 203105 195994 180467 210056 192366 201027 189611 189463 182405 184364 200934 
193591 176236 211426 195089 197702 185792 203052 186786 197340 182786 193618 216876 196921 197546 191359 198113 213315 216867 143017 203734 207388 204593 201125 182413 202439 239058 201517 211793 201314 209088 188906 214857 223682 199677 213416 190575 185070 198929 209152 182168 170499 196835 186966 221357 217581 202617 200676 209421 173769 185846 191720 225827 225952 183159 201448 212901 209377 173640 184413 185127 217882 222969 215762 201662 211184 184213 210257 224063 191139 197530 205181 192726 218578 193777 212716 203455 194305 191455 199689 202228 
160727 166914 191718 193805 182479 169417 190393 176242 173902 176433 168858 170289 169843 174382 169726 179483 182151 193568 146629 174526 185582 169604 176048 182360 180126 213493 193924 186954 192541 164335 163885 196753 196444 195073 175557 181901 165488 192566 186596 162742 167857 182453 173431 175455 187784 197635 177934 182190 164651 193060 172644 200064 193436 173494 184172 179466 197264 155160 163923 171429 185714 191663 191847 201949 197143 172927 187390 200060 173968 171788 193205 171488 189885 175542 182521 188471 169620 186665 180302 173587 
164080 146143 187347 160071 165671 156631 173996 160063 168552 175006 165792 186833 154431 170127 156375 165653 168303 183037 127197 169763 166215 179147 157237 170268 159338 190121 187818 171620 171532 155739 170983 183352 194505 183431 183492 153498 137257 163750 173607 152141 141483 159782 157138 163496 170105 162594 160948 156556 145146 162243 158715 181762 177130 166698 162613 171854 177122 151489 153184 161624 172795 190743 185643 167722 179534 135388 173205 190328 151743 163010 183724 159962 185916 158912 173198 173452 163757 158690 155838 172296 
196482 192829 228388 210999 199774 206056 207741 200011 206268 205082 196417 216738 187614 195162 201405 208733 212378 223452 165110 217243 210061 186484 200738 214608 202988 240438 211509 204556 234328 200593 198514 233931 226813 211462 208810 197175 189400 218599 208059 191547 196551 217015 197428 222283 225001 217419 209486 227545 190192 211958 194454 240779 229234 198725 192381 219583 223916 196371 183506 193845 213808 223624 221454 224882 231178 197320 217304 228977 198964 210307 225577 199325 230713 187647 229141 221016 203194 202835 208655 205397 
176203 177836 210165 192746 208079 183548 186529 177003 188305 194637 185722 206440 191750 198850 176508 185525 179130 198805 152078 176482 206599 181102 200167 182683 187170 220405 199417 193761 194948 200414 175131 207861 211472 204797 199605 184560 177682 186299 189658 168220 177157 202823 177984 186228 193807 202387 190442 194054 167463 184871 182127 213766 209311 180637 197464 185077 205899 169124 173877 191346 187505 200882 190047 202728 203238 173062 199455 215792 197043 184338 195286 189796 207376 175500 190142 189859 176010 175236 177675 187206 
205418 197688 222640 209707 208101 207102 211413 208605 201388 205937 181725 194339 197294 213445 175584 204112 181115 205390 159572 194357 207830 197100 196282 208523 200729 227663 226969 205927 224186 191037 202114 213521 239262 219298 219253 199042 182292 188731 204495 185605 185698 207819 185044 205668 219244 210178 218566 210825 183542 211938 189302 229787 227957 195650 207501 197322 218082 187166 190176 207632 214476 219854 208300 223435 213918 192461 211756 241369 195116 202687 223537 197241 232293 194596 208404 215463 201227 196533 207724 213540 
183292 172623 193636 193035 181316 188604 173512 174255 175812 174121 168452 190685 180407 180743 170724 188750 166115 175430 136781 174290 190556 171271 186737 180256 166913 219543 183876 187164 190618 165942 177054 207870 214476 190216 195519 190277 164473 180657 192912 168458 170492 179686 172824 185753 191344 182777 205318 181062 159577 175904 162146 193388 200390 161739 185549 183842 206164 171289 167339 186491 199493 176035 188871 193711 187008 171598 188766 203576 177910 188287 204641 176662 204113 166207 190299 194925 178195 179454 185654 195212 
186519 197951 220100 202828 206270 190735 192512 216131 205406 217836 194079 207314 193792 189224 194254 213775 192448 210978 159408 201089 215599 196043 200912 201881 213937 227372 212402 203718 224668 182717 193258 224947 214027 219028 214293 190468 178992 213852 214067 188005 183426 211563 214449 223125 221286 234123 205641 211464 201609 208995 196489 228145 219157 196398 211980 206398 195861 174272 191371 206619 206740 226376 211395 229754 232053 194730 213041 225941 187399 187150 218128 194031 220126 202246 220081 202285 192273 185681 202316 213781 
182244 165816 191680 184920 185803 179990 174904 172185 167524 180578 174026 192181 162405 183110 162814 171566 179342 182596 139324 170403 176197 163222 175327 175842 157239 201833 186492 191305 184895 172303 160920 208055 200590 175232 184458 165112 151353 183216 187427 168068 165258 177676 173061 178975 185810 183411 185653 179029 166565 171540 155920 181613 201129 163680 172388 171274 180708 152326 160684 162154 176868 197807 198244 175838 186322 154816 189498 207673 167654 178136 208515 180544 191611 167004 182328 187580 167388 180473 177041 184946 
181935 165271 205765 183762 180859 173346 169261 194530 179962 185295 177175 202503 170113 170258 166015 199060 170390 182539 139454 193498 187054 162140 174011 177969 175217 218917 184952 190362 202056 170011 180664 208969 198289 196171 185721 191618 163731 185912 194542 174667 178436 195334 179646 199480 192606 204579 198073 201352 177425 177817 169449 199005 206394 166498 168183 187492 192459 168704 172141 174861 181517 187874 198406 195244 203788 164335 187629 202955 171047 181023 203608 176719 215805 172388 194632 197554 168404 176712 189052 199452 
181118 185415 215433 205663 210588 185556 204003 215464 204734 199640 203090 193961 196896 202408 203682 203774 195445 215024 161014 207200 209475 199154 200456 207197 220292 230732 210238 195051 222430 194299 200057 214054 205555 214397 208532 187119 185482 185520 199770 182292 170840 196467 184204 217955 232587 214000 204921 224457 174401 190923 191756 219420 218786 178874 191159 200378 214006 190229 191759 201221 217309 217531 204035 221247 220490 184588 211756 215186 192943 185884 200327 197585 227471 192992 208500 206555 186894 191244 203093 187975 
201263 197873 221203 211380 198801 200251 199652 204072 189876 202654 196358 203638 193831 199229 178291 199729 196148 213216 153606 188767 196038 192219 200737 201265 209439 240580 218926 198813 235526 188098 193382 222158 235032 216732 227840 194964 182442 210358 230134 189807 198279 205601 191917 209119 223003 218456 214484 225764 191850 202276 194871 224274 214288 191020 196594 210502 223706 175135 186390 215207 216298 225316 219852 221481 212356 178071 210528 241976 203024 205353 225959 197571 224259 185016 217818 217161 195734 208747 205802 217030 
174285 179830 203988 211703 212829 200508 188588 185144 195149 214370 180269 208437 198661 200733 181464 199703 192104 209447 158443 189703 187069 186184 198840 213990 194326 227072 206873 196113 195935 189775 180416 229588 216075 212982 200999 189847 184416 192171 213076 184897 183290 196972 194991 192630 210407 216537 210155 190684 175994 195835 181225 217757 213056 183740 209827 194013 217420 175257 172371 204831 202269 226615 207268 207230 214951 175287 213906 217343 181610 206210 203853 197425 225774 189422 195946 203678 196536 196241 179834 188481 
170062 167996 200091 187418 195665 176211 191745 183652 190866 187936 184305 201075 189457 190085 173077 189949 196164 202533 145051 197730 194620 186499 200384 180695 200459 228958 183392 193343 192572 190412 173428 210620 211008 203200 201756 179911 185468 190412 205462 174459 167129 191728 186793 212956 205914 201479 190659 187688 173242 189355 186181 216238 209425 179003 189846 191704 197138 155703 179916 176854 188665 199849 204680 200310 198141 181937 200227 204402 186367 169906 204251 188870 225443 202649 192548 192829 168714 180361 183614 191822 
168420 178746 204147 187241 190377 178527 182906 190790 187870 185458 180961 195175 182656 192524 169688 186944 183057 194884 151704 174552 180390 170924 188214 195014 186292 212869 194649 176384 199095 171893 172301 206289 218078 202378 190653 189151 161255 171486 203653 180695 171899 185206 182393 197010 203359 189067 189278 214889 161013 196020 176810 203428 195912 178666 183503 200738 195787 172108 157725 199732 199541 203951 196407 207019 187234 181742 199288 214030 186559 185742 188339 167050 210611 178843 188103 193977 186074 179612 179866 185119 
190483 187634 215543 189625 203266 186691 190783 198312 191817 197749 193486 201075 164647 195806 176403 191664 191659 189991 143449 188377 211157 176548 202389 179517 186662 216786 196637 191266 214062 186592 185091 213689 208684 197872 204993 179054 169542 189937 193281 175580 192418 199447 182244 204918 204003 202312 202038 195321 176416 185505 176914 216204 210572 183787 186354 190549 205175 172980 180295 190468 197785 202840 192066 207579 210131 169553 199749 221918 190940 183133 205420 181980 214175 177657 208507 201865 173535 189012 183138 188150 
196269 185980 219583 206278 224666 192649 208826 214946 205521 217478 202667 219052 192589 223638 197505 206278 208039 214232 173309 204294 211819 193579 207606 221347 193436 239660 212459 215752 237747 212125 194987 236362 237923 211791 224401 208606 183606 206677 228637 189160 191767 217500 204864 217980 237116 220908 215094 214297 182068 212273 201174 251022 239585 186977 210776 215240 214989 187699 184969 206882 235461 231659 218807 221718 233558 181468 229955 238742 202208 211526 224622 211506 227512 204793 225741 218560 207265 205042 216986 216500 
161285 170247 176799 179485 171489 170480 162117 185786 147197 179969 165228 168833 177402 175273 146995 175021 155524 175819 136915 173167 193411 152344 181790 170881 159063 192258 175095 174038 178380 165203 166313 183114 178051 182654 170796 163280 153010 172531 177101 160325 155030 175299 148901 176577 184929 176847 173863 185095 153443 175132 157073 174768 191307 157658 167181 177332 178683 153446 160458 167038 173339 185332 182424 192091 184115 145765 165638 199020 170044 162783 187062 168181 190700 167236 172759 162402 163332 170749 174001 177191 
176232 176284 193201 197692 200891 186546 192990 201329 202839 203266 182597 205165 185248 200652 182927 183805 180982 202432 155320 186413 195059 174572 193935 205826 168646 230153 182376 201172 205026 176282 185582 226574 216735 204896 198025 186321 162260 194418 198552 175390 177664 204589 187676 206219 220692 202448 191296 205975 175399 197121 192665 214255 214142 172013 198426 197189 202038 179738 176611 186931 190405 204072 206190 204376 216425 167345 195695 204419 188841 185391 194934 200743 210051 201319 194973 202369 173639 187700 183676 206300 
160613 168748 187082 180476 182378 166490 161398 167135 179396 169219 170522 172690 152114 177224 152676 172649 171535 173466 137947 155500 169327 149486 177613 159606 166555 188946 180447 163135 179309 168536 156719 189938 195789 179239 181942 167265 145825 164656 176988 165078 175432 173683 165170 183771 183999 174800 182655 184580 150842 169386 163894 182635 186691 161624 178712 178557 186941 153163 143317 179927 170696 189902 171134 181343 178628 152845 168977 191635 164937 167721 172388 162740 185665 159432 180927 174535 170487 170018 162354 175056 
167942 162132 206683 171773 181885 178658 177552 185728 181904 170870 171738 197742 162816 175343 165249 168380 190714 204641 137157 174181 205692 183448 191186 179626 182516 207152 197376 179106 194765 183308 186388 199833 201684 189348 192594 159680 165336 187929 184956 176238 167745 199350 176084 193711 202956 197626 175752 196079 166848 179350 171173 205400 209205 173148 183408 193397 197505 169426 164110 172463 179013 194213 194265 195164 196537 165831 189848 197080 177496 177031 193617 177277 205665 177044 198505 194885 174259 174489 178846 192043 
207701 191800 224369 216077 226860 199898 223800 212590 198112 212636 192431 220503 199482 215620 187025 218017 203082 233434 168706 224495 213069 198627 209377 196277 207669 245640 208295 221529 228890 217821 199856 226725 226968 223397 218951 209405 190038 213971 227164 194824 193378 223464 206173 233555 226344 238674 209270 210644 204782 196527 211783 224714 232265 193029 221018 217742 219880 187695 186020 220612 206898 236592 227226 218283 218115 184151 219480 227205 206549 202000 224557 221442 222475 214853 216960 213526 203111 197652 212131 222414 
187852 198570 202020 194846 218270 184648 199879 195282 191600 215864 184480 214698 189324 194731 188217 212271 187437 201319 159564 207207 197699 179487 208698 197722 201965 226927 199606 196372 215475 180376 191422 224316 206385 196853 201340 185939 173273 207037 211969 184116 191489 193910 196616 216577 211022 212403 207174 203020 177488 191082 185594 226566 215676 187232 194547 193384 190488 168823 180386 192225 198096 217195 204140 210686 224520 191698 212458 223156 179195 190796 216061 180036 216901 206903 206942 209426 183420 208202 185156 184420 
184476 185371 205823 183759 188280 195778 178560 198672 179171 188190 179702 198867 170593 188506 169093 204816 172134 201583 145595 195231 195904 165560 189734 191799 184156 209356 197693 180394 204580 175938 184960 222306 197514 192787 196553 188295 169118 193013 198183 187944 185709 188876 181592 203301 209713 198247 211534 202404 167478 186617 185132 198419 194434 170458 176374 189801 212521 181061 167882 189430 183000 191662 191535 196425 202098 160900 180940 206538 176910 183311 194732 178140 215890 178852 198568 188406 173196 182278 193064 188782 
201181 203401 213687 206668 203473 195596 217024 199830 193422 197838 190049 198796 188342 191813 187490 209246 195734 206178 152074 207171 209356 196916 187134 202030 191455 228609 214045 203460 229733 185616 202193 218029 202233 213192 216365 193899 174370 197946 198698 198495 187002 196556 194115 205270 216277 224390 207271 203963 195600 211919 193688 233428 208326 188659 188177 194308 202568 175209 197289 196317 208953 216541 216573 229431 218005 182338 215167 232089 188154 198962 219173 191974 221247 177883 222052 209934 195371 196696 202932 202661 
170053 164594 197964 161907 183374 169459 161972 177769 190621 177912 165966 206637 153295 178538 179733 181662 184508 191382 140580 180591 173023 149572 176727 176447 187964 215506 186023 171758 186504 183032 170761 200963 202761 187947 193858 165699 172730 181930 197668 166642 159003 176673 180276 198958 196011 184007 182024 186614 156507 174106 175765 202497 192351 177474 188105 185794 176650 170417 147499 190700 181572 203719 177937 183480 187110 167693 200670 204074 161190 165587 189608 155408 198508 182077 176489 193004 161509 166095 175614 166228 
165076 170999 185644 178708 183227 164458 162382 170161 176848 173152 167746 197003 148689 161761 151130 193037 185214 183663 135957 174536 178702 165725 178513 173993 175201 210184 177791 171786 197550 170486 167492 192927 188217 178785 194474 166930 165463 178595 203638 160872 170376 191550 187938 183187 194617 186488 184569 177179 160344 167202 161210 177574 183323 159905 175316 179923 186393 156464 151210 155392 183012 184160 195576 173526 191025 159861 187231 191055 166321 177101 193003 156706 205019 174802 182797 165205 163695 153794 168967 192975 
193916 209113 223767 223516 226028 211768 210755 208233 208727 221052 194599 229221 198185 219430 201220 213447 198510 221544 180712 207701 209800 195225 225405 204693 203709 252941 218872 209139 209548 211085 203280 225003 222581 226234 222574 203404 199354 198586 219275 191315 197833 218113 212475 222676 223179 225540 209282 212244 189902 202400 201155 226873 227796 193246 219161 198652 218646 187123 200070 208496 202991 215294 226076 231760 227780 198087 220999 241633 212787 205810 229902 212367 227059 211110 208310 219403 194369 205191 202995 212738 
214320 209905 255497 224250 230292 238751 211931 232840 241293 235054 215910 235560 195767 230458 215772 228038 221835 245414 178326 224212 235345 197771 222534 233456 231189 256420 227972 218422 241139 226606 220681 255420 251136 245276 237182 214376 217648 223785 242061 222840 220344 234735 233748 241692 249800 234384 235642 235404 199238 230435 230242 255138 254323 221186 235547 240007 246315 228685 202344 235342 243398 253479 236988 244857 256380 210314 249563 270883 216292 217243 238374 209629 263187 230132 243201 233336 210952 218978 232536 229848 
194391 198170 216238 203030 203011 203080 196007 214756 192210 221561 184157 198763 193582 203462 183695 208915 186062 212149 164546 206681 205962 176050 181285 202682 193793 220310 200520 215633 221855 194342 212047 214379 227238 210435 213836 201094 172645 205814 192868 181803 186193 212232 185565 210334 216401 209841 209860 210971 186495 210372 195590 221792 227698 191441 207853 217246 215327 198681 196045 201885 209718 202145 222567 214740 215197 187011 206687 226923 185340 196012 205348 189379 228951 191160 219951 210641 193329 183791 199567 201118 
169965 178684 191381 170455 194373 160415 175501 187938 184509 191955 172434 191955 163421 184639 173154 185155 181454 192162 143263 174512 181465 169752 181094 186513 185289 208920 189756 181278 207316 167869 178759 211095 202544 181229 207072 174090 156774 190808 188682 169456 176635 189917 183621 192228 199589 189502 198010 196292 162016 189051 182575 205242 201890 174713 184259 189739 182379 159605 159859 172549 194523 202480 180305 181760 202030 156802 192387 207203 171156 186351 190186 165911 207326 179824 193621 194834 178488 178614 180987 190597 
173002 164393 197608 182982 180113 185600 189810 185377 167656 185514 179424 182704 164387 184095 153247 183904 183868 192768 146952 191459 186639 176622 169391 191841 182754 198140 183016 186450 187801 169621 186818 201906 207387 198837 177668 164831 168997 191700 179644 170533 172319 173448 162520 193499 197764 199005 180962 188118 155866 183009 161923 205744 184522 172717 168153 201131 200417 174830 162482 181666 186033 203530 182462 182054 200259 161641 187640 197121 174854 185460 187957 184658 212385 173585 200586 185260 177455 188593 189811 186733 
171949 178715 197133 195484 198706 184241 193747 197591 198291 197113 180059 212632 200511 190366 170433 194019 205209 202953 143736 195164 197000 180163 191496 173462 206852 237266 191527 202719 208578 197980 180502 216370 208436 210610 199737 195495 162474 197328 202970 183552 184987 198376 195046 212576 219890 222067 195876 194147 194589 192924 190008 210505 202122 183498 219341 187125 204708 173641 177896 207803 214087 216015 207578 203844 219123 172500 197817 208503 195696 182657 186677 192516 214444 179823 208604 185229 185946 180895 200867 194859 
188646 202900 220997 215968 213025 202996 220708 209599 215874 212031 203742 214942 208550 233899 198802 213864 218760 230745 167283 199358 210816 216705 223785 227999 197030 238764 216805 200534 213130 208746 198297 249511 240121 230983 219891 213579 194270 202418 225600 197621 181986 206199 207291 222348 229765 224292 220670 208240 197755 218845 216764 232442 228843 208351 203080 230058 222643 189478 172048 213358 224250 243727 222694 226195 213899 188544 215717 225460 204218 217155 218801 215310 215887 216888 218911 212961 192643 202803 197985 209135 
162362 172589 196531 187725 189191 179623 183855 198250 178986 178088 172335 183940 178878 176397 175993 183220 177031 197617 138878 168855 188907 168384 176837 172604 182760 209004 196688 174357 182517 173928 167640 217211 204329 191050 183128 185897 167789 184694 198198 182045 179899 184133 182174 204309 200229 205889 184983 190521 171623 194972 192455 185962 199504 172628 179471 185357 196262 155151 162417 185275 183644 211672 184315 197084 191784 158130 180496 195359 176195 180573 187616 177043 189703 178717 200898 184874 151242 178665 179109 182107 
167288 174291 193153 188238 175947 184862 178361 175293 178132 185458 168511 190803 171043 172750 160579 194621 184982 188574 133195 182383 181082 182257 167120 172453 181266 204769 181091 182644 200264 177786 179697 197011 204304 187495 188068 179495 160499 180508 193409 156932 170683 196419 176717 196367 184907 185498 187224 182050 163172 175382 167463 220256 198216 172324 199222 188818 188995 174942 157389 189883 183870 179428 193474 193116 188167 190548 195700 207418 166510 186621 187398 172409 205392 182925 198206 194133 186810 169087 168627 182279 
178736 176150 190790 185238 177901 195184 192056 195102 181164 202763 171713 194483 176362 190560 160382 189164 180429 190708 152901 182696 201719 177749 193102 171861 177887 205210 191318 188075 199231 174786 177154 212269 204488 195133 191084 172999 170511 192402 201847 176184 188634 191938 183608 189531 202455 196496 185685 187570 168685 192175 163489 218899 194310 164257 191313 189782 188119 164269 165737 195046 178541 195833 182103 201555 202091 175056 197464 205774 176193 179410 184696 176122 205587 156353 187470 172335 179945 174878 183019 184203 
153708 161586 186190 169183 173792 159675 179353 165969 161213 172960 156940 182730 186832 179087 166438 166457 155703 177116 125680 171801 172935 168848 171652 162361 178219 194948 163577 166534 184297 157599 157926 180311 182654 175709 185479 164321 152098 166609 178744 162406 149666 163019 157549 191178 173741 183240 180859 166597 173078 162015 160115 191909 187090 174475 168266 183836 176070 153552 154250 174965 177644 183094 170324 188007 182342 157997 178694 194734 164175 162556 183191 156226 182672 158562 179816 167191 152131 164069 156590 161177 
160005 173348 191903 192004 191878 175902 190395 187813 180526 173078 181778 187254 163875 187211 174749 178740 178704 185220 128171 184597 185134 176742 176798 186319 188371 225415 198574 181505 184867 161239 178455 195429 195107 201123 193246 168376 153399 184475 183536 174029 163430 189864 171557 195831 198815 192563 170197 186616 159498 182903 167184 194891 198040 167306 189915 186734 193493 170499 164590 182923 189764 199849 190625 184912 204901 146509 178933 208006 170312 186107 205099 180454 202032 177629 186524 192177 172540 191403 173233 190274 
189073 181435 225169 210870 212594 199721 211500 209165 198306 196239 198324 204159 186943 182650 190690 203449 186181 216506 150802 212490 209232 188097 196248 205703 201460 229405 205765 201682 210223 205498 199588 231163 220867 210640 206865 193721 198110 206041 211496 191037 189652 195510 197405 217872 233194 216340 208314 217703 182368 202951 201046 224073 222205 185205 202747 202101 209605 181214 184584 205102 216384 229870 218534 218797 225760 175685 205644 229860 197796 198181 216292 202187 229099 186124 227404 208928 181570 203145 212299 219480 
212759 208467 248434 224746 224306 224378 220981 225300 212981 224282 223028 231964 211980 219270 197048 232135 224731 234962 179245 231886 228526 209501 221715 210484 220020 248499 211605 222750 242016 214992 210297 239362 244402 242040 219909 217865 200927 211417 233791 209172 223812 224663 219745 232018 238095 239163 240202 237430 206910 226646 202076 230083 241024 203117 219432 236727 241570 196100 198477 211442 231348 241294 222310 240653 236848 204182 242010 249785 225398 224752 227457 220060 255220 203998 228601 222174 209784 209606 214995 228945 
206260 208449 254481 237255 227298 226754 233003 234411 229559 224587 214731 232534 224825 233622 215539 236213 224542 254352 173815 229973 239577 215142 218494 229810 224403 261126 240570 222564 235177 220437 225671 247513 258639 238109 241870 231259 198356 215923 240400 215308 198187 232485 221771 234120 239461 240666 242009 241144 209677 232217 216462 251831 251500 209092 231616 228878 236325 212449 207371 223829 240011 237065 232465 249278 239245 211142 239439 252736 209973 233593 233328 210179 256456 214158 240660 229757 225381 214296 227552 236256 
203281 193225 211187 213886 213676 202031 214514 214407 209389 194248 191184 207254 190571 205738 183797 213219 207816 210319 155534 200942 219605 192104 200358 209393 198504 237629 198773 224166 220175 198955 206270 229066 228568 216950 212046 211182 180662 219973 224712 197914 190497 207930 199987 224803 223546 233582 217488 212110 199855 199466 209313 228821 225304 194028 214664 220804 220100 191681 187620 216942 229154 223711 230086 217034 222659 184315 211802 220903 191056 206377 211069 196805 225749 203853 219889 222134 184791 195687 212643 216171 
165586 164349 205617 179823 191020 177417 172131 178608 178534 179995 172890 189428 169548 172028 183557 182851 181262 195406 151475 190133 179081 167190 167634 169844 175787 203539 189038 185016 187206 171994 172304 210524 190333 192456 180164 160052 156082 169366 177189 170890 173803 168303 175147 181499 202438 183077 195248 185563 164347 169461 178597 199605 207683 172726 178805 173613 181662 164252 169564 171089 181134 192847 184454 203463 204213 161901 203264 205832 170750 166884 187670 170659 205990 167111 179419 184138 174926 175077 179724 166181 
187475 175027 218599 194421 201754 189520 192160 197726 205102 204434 187224 225228 183256 192205 183027 207982 195361 214086 142868 196757 191473 190173 192997 202071 211919 225686 206362 202493 203162 171112 199506 215645 210854 210333 207607 184821 174391 188838 211628 177147 186666 198764 184376 209317 209538 208451 205344 205911 186866 189385 184951 208915 212484 199909 203414 197184 201308 196579 178043 183569 206303 223416 212438 195831 218454 184184 222497 214737 180046 194552 211913 186587 217982 185900 201739 197967 184918 165415 195393 201693 
193650 181867 217112 206120 203014 200459 199676 204634 194593 204451 187933 194280 199495 198702 174176 206236 207812 206482 170316 201452 207892 177994 180117 196043 200783 228948 213153 208302 217899 210295 199860 218462 241882 217591 210164 213475 186985 195416 203730 191546 187967 200087 193976 205768 224042 214414 213354 216077 180420 218647 196446 215645 229658 189284 212949 216803 221709 180846 185240 208101 223467 225194 206245 217053 212605 192042 222550 224868 196067 197825 218457 197404 224747 199989 213408 209551 211846 193498 213078 202265 
185442 178020 202784 189577 198672 161461 185666 195142 184081 175488 187724 207830 181641 184227 176270 186504 190546 189434 138009 195047 192516 175175 194232 182387 184556 217670 203155 186316 200876 186969 179624 197109 217496 208900 193532 184873 154876 174496 202879 170521 171657 178672 176532 190846 208656 197011 191786 190611 168868 186111 173839 199355 206520 171175 184757 177272 200430 151281 172971 173837 211358 202593 194887 201988 201129 170398 183233 220923 186687 169970 214032 170511 218601 184148 192266 189444 180785 189754 189969 180517 
167893 162383 200189 198970 178056 181893 189296 176668 176067 168563 163581 186317 169430 168984 176017 177319 175733 204623 137861 192416 185878 168444 167530 178164 176080 211853 185056 191867 191705 172405 179231 203782 203263 197018 183315 169630 164342 186235 192397 183386 162448 185175 176827 187042 193442 196698 188145 181337 170726 188562 173661 199671 192230 188379 185820 175010 196027 166103 165252 185594 193346 203794 189919 194308 206669 159445 192027 203805 167033 179298 192536 175846 196374 165781 203570 189917 175025 186832 188494 183292 
182262 182404 204345 195993 197969 178135 179578 193697 171276 191956 177727 193150 181349 185570 165240 188903 179814 199181 159255 184790 190534 180118 181359 170410 187268 212633 204044 185818 199026 183149 181938 199321 210198 195435 178839 189782 155495 183795 188681 178496 179404 182830 166264 196111 199363 198078 192534 199844 162825 176799 173728 203158 204138 186519 189942 191117 204783 176403 176531 181670 176052 205348 189486 206613 206286 169143 179353 216763 183873 184403 203364 190436 210497 181013 184260 193833 181545 185292 186018 177847 
