49 92 23 22 41 13 77 49 93 97 34 44 95 45 84 20 96 6 19 10 43 95 70 87 57 21 11 53 72 94 83 73 27 86 31 27 17 86 58 4 91 87 87 57 15 83 40 69 15 27 56 82 45 60 50 9 25 92 78 46 32 85 59 53 21 7 85 71 67 29 87 16 19 13 48 53 88 17 73 98 34 29 38 12 7 23 69 0 6 70 35 42 41 28 21 30 31 66 32 99 6 99 49 52 13 16 95 70 51 60 23 15 1 63 57 95 89 3 96 15 37 36 76 78 8 51 94 83 20 12 34 10 80 54 41 17 65 83 85 90 65 8 29 86 32 14 88 93 66 34 87 57 21 48 72 94 24 57 76 19 
60 26 12 68 11 7 49 98 33 2 96 58 29 34 29 30 3 61 6 34 73 93 34 10 13 15 68 25 36 97 47 6 25 75 68 54 82 74 64 74 25 96 60 48 40 75 63 26 62 29 31 11 20 72 21 24 19 34 2 19 75 1 17 28 45 61 32 63 0 83 71 71 70 2 39 19 38 93 58 95 67 33 84 58 30 24 27 70 20 99 38 90 74 63 10 29 49 35 46 95 81 86 94 21 44 86 0 88 32 1 90 8 65 59 13 53 42 83 51 12 72 29 76 3 85 89 4 60 38 36 72 44 12 13 56 76 47 85 92 69 56 13 59 77 55 20 56 3 99 15 8 95 28 52 87 52 97 10 10 62 
52 83 8 34 79 67 59 61 21 45 92 11 88 49 69 73 19 76 5 22 71 20 63 11 86 3 7 59 31 18 30 26 52 22 81 57 37 25 3 55 80 52 50 97 49 40 40 67 91 66 89 14 87 7 30 83 2 22 83 14 55 50 41 50 22 51 21 41 19 61 7 30 18 34 49 16 15 61 80 41 17 43 44 19 40 98 9 52 7 44 60 87 21 53 44 74 98 35 61 64 63 48 33 90 29 88 44 17 62 33 8 6 88 91 5 18 10 18 96 86 1 69 47 7 6 89 47 89 40 31 91 13 79 64 69 68 81 55 94 30 17 40 96 12 74 44 53 21 20 77 14 28 39 65 31 61 55 10 47 94 
61 92 0 48 69 69 51 39 70 13 12 79 19 60 29 98 3 81 10 81 2 96 64 12 60 95 8 28 35 74 70 24 14 10 82 78 61 72 96 19 48 24 80 90 71 67 76 82 63 36 5 70 40 27 40 75 84 82 35 78 34 15 72 73 83 14 48 32 73 15 76 43 26 4 26 20 16 70 91 65 91 37 64 54 67 9 42 56 69 54 82 32 32 73 93 2 12 15 62 0 6 93 83 39 15 98 29 50 71 90 88 63 21 30 23 1 26 27 59 26 82 2 33 58 14 45 73 57 10 54 41 58 44 72 66 36 9 89 63 54 28 49 92 72 1 66 61 92 34 87 29 33 57 42 14 13 67 29 52 46 
87 11 52 70 36 83 40 72 4 76 11 25 46 23 98 98 0 93 58 70 85 82 52 80 5 34 28 89 66 39 35 59 89 27 2 70 65 87 41 15 22 34 50 74 38 87 49 93 0 5 40 39 22 81 19 81 63 33 85 40 17 58 18 0 11 30 42 45 24 99 36 91 0 19 37 1 44 91 54 0 99 89 5 21 75 61 89 37 54 45 31 8 12 81 99 36 64 32 5 21 85 94 78 1 88 2 29 91 42 61 62 33 6 31 13 24 97 41 5 97 9 51 15 5 9 68 50 57 18 5 40 80 1 88 75 94 31 64 79 18 33 19 60 16 85 91 35 8 90 0 58 22 96 34 38 12 39 83 60 84 
5 73 99 60 66 30 18 46 42 49 39 87 49 12 18 40 23 12 50 50 58 21 4 34 72 81 87 94 83 36 50 28 89 6 6 54 88 97 71 24 18 68 16 1 35 26 69 9 26 56 25 1 65 93 6 5 60 84 81 50 49 36 59 65 43 83 96 79 49 62 70 57 61 97 48 21 27 95 71 2 75 89 15 44 86 60 85 93 24 3 44 6 29 23 51 23 43 19 55 98 89 24 68 72 56 0 66 74 60 68 4 45 27 11 98 95 75 41 12 4 7 71 82 12 92 70 13 67 82 37 17 18 90 20 7 9 57 24 98 6 23 27 52 33 55 94 71 89 33 66 40 10 48 81 57 37 46 69 91 64 
29 26 3 3 38 15 84 99 35 75 70 95 35 46 58 34 14 11 25 84 7 79 81 93 57 5 66 42 53 1 24 14 62 77 18 79 27 82 72 92 24 40 25 98 64 31 93 59 79 77 69 24 73 19 28 0 90 12 46 40 34 3 68 73 99 75 76 87 74 19 78 0 62 73 51 47 98 89 1 40 82 9 49 8 42 60 31 97 59 21 37 98 38 6 46 43 4 88 0 93 45 52 33 65 55 97 49 76 34 70 89 88 41 38 77 27 7 16 4 94 80 12 77 44 6 53 99 8 47 19 23 78 99 49 54 14 60 64 89 88 96 41 11 59 17 34 87 63 21 73 90 95 90 14 65 56 68 92 37 72 
42 64 19 75 22 73 65 69 53 56 57 26 91 89 96 40 73 66 87 1 48 8 87 6 42 24 5 38 16 45 23 58 82 28 38 3 87 73 90 13 42 30 32 23 12 24 46 72 73 61 46 67 11 95 72 21 1 74 73 79 19 85 63 19 5 72 56 97 79 10 96 67 59 10 7 1 38 28 22 91 82 68 6 63 21 44 79 94 72 46 8 68 86 21 20 75 77 0 33 76 56 10 63 20 77 89 90 6 82 81 11 32 66 87 55 22 53 19 41 44 17 6 57 38 49 53 15 53 30 71 28 72 79 67 84 15 47 14 57 1 30 38 85 17 85 36 13 1 93 78 23 54 43 91 13 1 55 74 43 55 
86 8 15 14 82 56 97 18 25 96 92 59 39 50 79 93 66 39 3 54 15 23 78 53 58 9 5 85 43 77 87 66 82 66 25 49 15 37 34 81 89 69 99 56 86 2 38 79 98 35 64 21 49 74 37 12 90 18 1 21 89 69 71 63 54 5 29 85 47 93 22 26 95 67 11 30 14 65 60 82 37 9 72 31 93 77 90 92 43 7 85 92 55 90 57 85 29 59 35 9 58 21 81 83 67 26 38 95 92 36 48 54 68 53 49 5 78 66 11 36 86 92 8 74 0 36 25 6 13 17 12 98 22 41 74 94 27 65 80 51 83 26 83 55 12 52 31 58 54 45 49 49 98 55 55 3 25 5 55 46 
48 20 22 78 48 97 98 1 50 24 42 55 86 15 71 43 93 20 92 5 65 51 67 31 15 6 5 69 34 76 16 58 69 66 32 12 36 81 67 44 29 47 83 53 23 28 26 91 53 66 26 87 35 72 10 98 3 66 58 81 31 82 24 87 56 85 5 74 3 52 31 42 16 69 38 89 27 74 84 27 78 0 14 94 57 20 53 74 18 25 18 72 56 46 77 23 85 64 62 59 45 98 6 27 40 19 31 24 64 53 93 9 92 97 39 17 97 91 52 43 16 68 54 27 26 88 56 29 21 44 57 28 53 48 77 18 57 86 98 99 62 18 38 83 38 5 99 98 95 48 68 7 35 25 28 4 30 38 28 27 
67 59 96 25 52 40 57 57 49 78 41 38 8 64 3 95 38 24 67 19 82 51 91 57 49 82 94 4 72 16 55 98 54 79 42 23 28 38 85 46 99 32 36 17 21 25 69 4 60 66 59 62 21 56 66 66 50 8 11 7 90 46 72 90 3 91 11 78 20 14 10 25 90 15 36 9 2 98 70 45 66 81 15 10 37 58 28 8 85 68 88 3 60 69 98 54 83 73 41 68 83 35 15 97 34 18 86 96 65 19 65 39 41 40 16 91 8 79 1 35 66 87 72 71 36 95 67 77 53 63 93 40 26 57 77 54 92 2 86 2 58 80 32 13 81 72 9 56 71 40 11 38 62 92 51 79 71 23 28 54 
63 79 86 9 49 76 47 33 13 20 63 8 99 42 60 39 81 88 80 85 65 23 31 2 1 44 58 60 22 10 17 31 33 50 75 63 47 36 84 32 38 54 59 29 0 3 11 4 62 69 62 99 5 33 52 61 47 25 41 98 4 15 93 40 3 31 12 35 83 11 7 35 47 81 23 6 92 95 78 38 71 48 51 61 62 59 87 8 19 58 22 3 82 39 46 9 46 90 10 91 69 11 53 54 6 48 85 69 99 36 10 25 7 62 76 89 20 36 74 69 20 87 81 28 10 66 45 2 11 96 78 21 76 67 40 94 57 88 94 79 79 79 96 83 46 2 6 25 8 72 25 88 21 58 3 41 50 46 51 16 
82 20 51 60 76 73 65 20 58 67 10 21 60 41 47 49 50 72 1 69 33 51 66 32 37 70 51 10 40 44 96 30 27 40 91 28 95 21 7 43 13 6 94 80 55 96 28 44 70 65 15 12 72 77 42 78 3 3 24 61 52 69 38 5 6 59 38 54 96 7 43 88 91 64 89 80 63 72 90 76 61 33 71 51 74 94 43 78 2 80 76 7 88 29 18 8 78 48 21 41 64 99 13 29 93 63 87 8 25 95 44 64 76 81 65 73 29 90 56 50 15 45 28 58 10 86 68 76 40 43 38 44 95 20 77 78 29 47 4 65 88 37 5 74 62 97 92 16 51 32 44 21 90 28 66 22 0 35 49 16 
72 53 45 12 12 82 61 94 53 74 87 30 61 7 3 82 37 81 99 40 49 78 30 48 14 43 6 19 61 22 48 72 89 9 75 63 96 75 58 98 69 72 94 24 88 42 42 70 32 21 29 97 40 76 25 51 27 62 71 97 10 54 87 95 92 50 45 92 93 32 77 71 82 39 7 35 81 80 85 53 96 13 8 48 23 27 54 89 67 97 26 57 60 14 64 84 77 26 35 72 95 71 91 59 26 22 10 45 7 69 19 69 96 26 43 12 81 57 91 94 9 41 5 81 54 6 84 80 87 55 84 31 1 53 89 58 29 17 3 20 78 45 11 39 30 54 80 65 76 23 69 54 49 57 2 22 15 96 63 87 
75 24 51 90 42 0 87 95 93 82 15 70 54 11 64 37 55 10 56 42 91 44 64 81 54 70 80 14 27 86 30 2 13 59 92 35 21 93 0 96 8 42 52 19 80 13 3 5 41 82 95 66 34 74 42 15 37 56 39 88 55 45 48 13 32 69 10 26 54 29 23 43 48 21 70 63 99 55 88 87 79 79 33 69 22 66 9 92 13 49 11 33 16 93 3 56 97 82 43 52 13 11 47 80 46 51 90 20 64 41 88 83 20 90 57 39 13 74 51 13 92 67 20 84 18 35 29 30 19 88 85 91 3 34 12 93 92 72 34 71 56 16 77 7 27 74 20 62 68 45 23 31 87 28 56 76 69 67 69 9 
80 49 88 10 28 92 99 54 19 77 86 78 84 25 44 57 52 49 17 22 17 23 1 65 93 49 79 20 53 64 62 67 7 89 58 44 75 70 55 21 74 32 83 6 53 65 94 43 45 5 50 92 39 56 60 13 98 37 57 87 44 19 56 72 78 12 50 20 60 38 91 50 0 14 26 44 5 83 19 69 25 46 43 21 48 12 51 96 23 57 94 78 57 88 28 68 74 13 92 49 87 66 63 33 16 65 40 87 27 18 67 11 76 82 91 77 97 94 7 42 33 60 57 53 3 50 73 70 5 10 87 39 26 3 65 88 19 71 33 23 88 26 74 28 71 62 49 74 54 51 44 66 49 99 15 80 40 97 57 78 
11 50 88 24 36 61 93 4 34 1 59 56 85 97 72 43 14 26 88 27 33 26 74 68 93 26 19 30 4 85 64 2 88 76 75 26 15 42 44 85 26 44 75 43 26 25 47 42 93 51 55 32 87 39 81 21 94 48 16 60 32 54 27 45 24 35 51 35 59 88 32 36 88 28 94 71 12 59 47 64 67 13 34 3 97 98 23 84 55 15 29 17 43 1 83 75 35 10 14 22 56 64 13 51 45 46 26 38 16 89 13 34 78 48 15 81 70 89 62 10 6 96 88 2 42 58 16 19 53 36 26 29 58 89 74 2 68 10 82 27 86 83 44 77 91 21 20 78 0 56 34 93 37 91 74 92 84 48 32 98 
45 43 68 34 61 7 66 17 9 94 74 58 10 51 66 7 87 30 85 26 27 19 40 46 98 12 55 72 16 2 78 18 81 61 17 42 24 23 70 21 34 1 84 82 93 80 2 86 65 79 21 27 39 24 63 62 94 10 31 16 94 13 90 52 4 1 40 56 45 5 44 65 77 97 90 63 67 49 99 31 91 5 61 42 30 75 63 99 30 27 91 8 49 18 66 57 46 72 11 55 26 11 69 90 90 67 13 40 9 37 19 48 68 99 60 87 19 64 64 26 82 86 0 55 55 37 96 38 72 24 61 85 20 16 19 3 20 45 84 36 64 42 48 6 0 4 55 29 55 22 25 44 39 24 50 8 30 87 38 35 
64 18 47 9 95 34 63 84 60 26 36 91 6 25 35 77 98 3 72 44 73 84 76 46 94 8 64 61 97 2 44 90 57 23 7 11 66 13 50 19 64 32 27 79 72 63 74 84 11 53 43 99 3 14 64 67 56 54 30 77 40 77 90 72 12 17 80 61 90 28 5 2 54 70 76 63 49 23 94 5 72 28 31 69 74 26 49 97 25 54 90 81 39 9 15 61 61 86 23 38 66 74 76 8 59 8 57 72 84 23 2 73 91 46 59 83 21 65 75 65 43 56 36 45 15 26 16 92 62 36 88 97 55 68 70 72 71 53 30 6 39 72 20 93 46 17 76 34 67 96 5 65 80 64 93 55 31 87 85 72 
27 46 87 12 79 51 9 98 7 90 87 38 73 7 60 79 30 59 55 61 36 80 79 85 17 53 82 46 79 17 42 11 95 26 59 47 11 5 14 52 75 53 29 53 26 77 26 5 52 44 69 37 25 98 25 66 76 42 13 4 96 89 39 8 41 63 59 88 94 56 22 19 61 58 67 17 5 9 79 51 7 14 65 99 73 26 92 30 12 2 32 55 99 66 13 18 45 71 22 28 40 69 41 74 9 20 36 10 86 80 70 93 34 84 71 38 89 65 61 0 81 59 52 69 11 73 43 1 26 9 87 90 45 28 56 6 87 72 4 20 28 22 22 49 49 80 9 99 36 80 47 24 22 62 96 34 61 85 42 94 
26 4 75 56 56 0 91 11 57 2 53 15 41 31 24 66 53 9 9 1 11 16 62 63 11 3 88 27 11 8 79 11 31 54 4 90 84 28 99 33 35 63 47 47 23 65 19 71 39 89 73 59 20 67 89 40 56 34 20 61 17 53 49 8 36 98 81 64 61 9 24 71 62 45 84 40 40 76 70 93 4 96 30 83 85 35 21 53 12 20 20 93 40 83 59 98 90 13 28 64 75 47 49 96 28 5 3 62 96 97 34 81 24 66 35 60 32 93 3 14 49 78 7 13 59 94 47 48 66 19 48 80 72 43 44 11 93 40 85 45 88 23 93 56 95 40 2 88 52 19 52 34 47 6 44 8 82 0 40 95 
10 96 17 73 84 35 97 9 38 31 46 74 60 40 16 74 78 19 3 12 56 54 49 37 72 24 19 83 88 4 69 77 26 12 68 92 84 17 94 14 28 49 2 12 83 22 29 98 1 66 48 15 99 65 93 57 72 35 90 74 80 19 51 95 20 98 52 94 3 89 9 66 12 43 76 10 82 45 95 30 99 97 78 91 3 69 15 65 71 30 70 4 4 90 19 6 41 84 58 54 59 82 68 50 30 22 97 40 4 22 73 32 93 24 61 2 14 86 28 22 6 36 46 75 45 80 14 33 23 15 70 55 68 36 9 17 14 26 29 45 33 88 49 5 1 1 33 92 99 2 30 63 32 6 79 46 96 33 5 43 
21 94 51 16 46 80 24 91 80 93 88 92 79 50 36 78 13 25 38 21 40 78 70 9 79 26 18 29 56 93 86 74 48 10 96 75 37 69 63 32 36 95 74 52 64 18 96 89 85 91 96 49 95 77 2 53 50 2 68 19 31 61 91 54 54 57 84 60 72 65 56 54 36 67 94 12 78 73 45 5 99 50 14 83 11 45 17 99 37 61 56 16 39 25 67 7 27 34 7 99 99 47 23 33 68 93 67 9 23 70 34 86 2 38 23 85 68 64 40 44 13 21 80 8 61 13 45 54 19 24 97 73 47 79 53 65 66 50 38 74 79 37 24 71 68 30 79 95 30 88 7 14 59 99 19 36 5 41 52 26 
5 67 12 79 46 73 64 20 73 39 31 71 22 13 64 55 57 10 47 3 70 23 41 22 47 44 37 78 75 54 22 74 4 72 10 98 26 33 52 56 80 29 28 40 22 19 74 80 27 70 91 75 98 72 29 57 53 64 87 95 5 78 7 20 93 57 84 8 9 64 55 38 55 8 59 57 92 31 22 87 20 41 66 59 3 8 1 20 66 52 78 90 21 68 65 36 52 1 79 16 75 63 68 59 35 90 28 81 67 43 66 94 89 47 13 47 88 84 96 79 64 68 25 35 79 36 63 68 92 97 30 62 77 17 88 9 67 94 58 23 64 45 96 2 32 98 34 13 48 57 72 52 84 95 83 64 98 76 20 67 
49 86 41 84 40 64 37 58 72 25 20 41 78 47 94 16 83 21 43 91 22 14 36 27 52 38 82 95 27 44 83 6 76 98 44 82 25 75 25 33 54 91 24 28 6 78 6 71 2 12 71 25 73 81 52 23 49 85 49 4 68 94 20 13 25 16 12 50 62 71 10 84 50 64 0 60 40 57 86 61 38 14 76 49 69 97 79 72 26 42 1 41 93 36 74 56 31 68 1 91 41 29 60 97 9 41 33 55 67 30 31 86 31 80 63 24 43 50 25 66 77 16 39 82 28 81 94 46 71 23 14 98 5 70 88 65 55 59 79 76 97 11 77 29 60 38 36 52 56 56 93 86 52 93 41 11 62 99 41 16 
68 53 99 79 42 63 79 20 87 29 28 93 92 54 83 60 6 42 49 59 27 41 14 67 24 9 69 36 77 20 47 27 32 29 50 48 31 88 92 58 13 76 83 83 31 24 30 26 55 28 25 6 62 32 0 54 84 95 55 74 27 3 26 79 34 3 57 16 72 0 90 59 54 15 7 53 40 29 94 56 41 75 3 62 29 29 47 75 37 43 96 61 20 93 73 83 64 48 56 73 96 73 28 64 6 24 2 4 99 55 49 6 12 78 29 35 33 82 1 93 73 12 7 30 69 2 38 45 53 3 46 68 7 99 77 65 63 57 98 31 40 81 8 82 95 92 3 60 85 55 91 5 65 76 17 12 4 39 13 72 
51 89 90 21 88 20 21 77 28 54 19 52 49 38 56 90 64 84 17 61 18 31 66 53 79 4 66 65 99 7 87 34 51 87 58 28 65 60 29 58 46 36 82 47 50 62 3 61 61 40 37 63 5 79 21 10 37 81 33 60 26 2 76 12 6 82 72 28 47 64 44 1 35 81 96 66 9 86 84 46 63 19 36 13 12 52 33 80 52 48 81 19 47 86 17 47 98 2 43 14 46 67 66 2 34 94 62 92 34 22 22 89 13 81 85 24 91 7 42 89 24 51 13 2 47 74 76 47 10 50 24 61 37 85 59 19 22 38 30 17 82 15 63 78 63 14 89 93 18 35 0 38 37 9 61 14 13 67 9 96 
81 73 81 48 1 2 67 80 63 19 56 50 3 41 54 89 16 66 29 31 93 62 8 71 94 16 59 90 66 92 89 96 84 17 62 10 48 79 29 51 67 97 97 44 93 32 46 16 61 37 33 46 85 12 53 71 69 82 98 71 89 49 60 5 29 66 59 67 13 67 34 0 89 92 20 85 65 73 5 62 84 26 89 50 1 70 32 23 63 16 30 79 69 87 6 57 7 19 53 84 15 28 88 8 3 62 63 97 32 41 38 52 1 61 94 17 69 91 90 98 56 90 34 60 82 66 87 9 40 41 44 46 28 22 68 62 4 21 34 85 97 43 35 98 15 21 16 54 89 40 83 74 13 42 90 73 7 47 19 95 
24 29 77 37 85 62 7 4 63 83 75 32 41 41 58 15 69 63 69 0 23 22 92 4 39 83 42 73 12 98 83 81 41 84 22 83 56 66 32 45 79 3 31 19 31 10 38 40 83 89 42 16 67 52 59 94 63 89 97 51 59 82 47 76 2 56 7 93 84 96 3 97 39 21 9 49 81 4 71 11 41 8 50 46 22 24 47 87 1 28 94 97 57 40 7 50 8 79 84 56 78 4 65 77 9 26 95 79 61 55 91 53 99 99 21 75 69 62 27 12 48 74 67 20 83 24 79 10 8 28 1 52 87 34 20 11 72 97 84 53 96 83 41 50 36 18 38 76 5 80 19 51 93 13 81 26 40 81 97 2 
48 26 52 72 88 41 33 57 35 13 15 20 69 7 65 57 97 50 56 41 25 22 4 6 91 41 13 23 85 65 38 6 47 55 97 38 60 4 16 30 47 56 23 3 88 95 4 57 64 83 62 20 55 86 73 89 36 74 32 33 93 35 0 18 52 76 19 29 5 19 93 22 30 99 60 38 71 10 17 76 83 14 98 51 0 66 26 43 78 14 4 31 71 52 52 56 40 83 33 9 81 76 67 97 95 11 54 32 11 15 43 28 36 6 96 19 48 50 93 90 27 44 96 42 79 50 16 96 50 14 85 29 92 43 56 61 35 56 41 31 74 20 2 75 74 77 39 77 86 31 65 69 22 72 71 64 60 40 15 88 
57 92 79 69 75 9 7 56 59 41 7 92 93 62 8 36 49 30 45 68 24 32 28 61 57 81 43 18 31 96 70 62 21 2 26 13 31 87 52 81 16 86 92 71 80 23 37 19 37 36 68 70 2 35 20 30 39 19 80 89 57 84 70 86 38 3 35 37 87 57 79 97 32 70 87 41 98 87 66 16 22 11 84 3 12 54 80 65 72 5 78 60 3 3 25 85 26 14 72 10 42 52 18 14 9 90 32 46 86 24 97 3 99 76 13 6 27 14 44 35 41 48 66 1 52 68 19 86 3 73 92 66 95 28 27 64 7 91 69 65 4 73 78 19 60 46 42 87 84 23 78 21 34 54 52 77 61 60 22 37 
74 80 10 42 72 89 89 73 30 51 8 55 90 84 5 29 75 88 17 66 88 89 0 32 5 27 91 43 45 24 72 93 17 29 88 13 15 12 44 47 5 20 92 6 56 82 33 48 31 50 47 15 69 10 4 67 28 72 63 69 56 18 1 60 14 14 99 15 11 24 2 43 38 22 61 20 75 4 64 8 16 31 91 38 73 27 36 72 33 32 51 64 19 18 49 2 94 44 61 92 82 72 73 96 12 44 85 55 12 61 3 96 43 33 52 34 97 68 87 71 26 57 54 84 50 23 60 98 47 82 55 32 55 52 67 54 52 96 27 60 34 44 98 12 44 23 29 7 3 50 13 21 91 3 39 93 13 3 66 54 
82 36 78 97 22 15 53 59 81 89 32 75 65 5 0 80 79 80 28 75 63 27 22 4 38 94 47 48 19 25 60 15 7 41 91 19 43 20 77 51 8 32 54 16 83 39 21 10 40 53 58 0 45 34 3 35 78 76 20 50 79 98 45 91 29 95 8 1 47 94 89 80 46 46 68 90 66 89 28 26 3 91 81 83 68 57 21 92 55 4 31 53 50 36 15 41 48 79 17 78 41 99 72 58 58 5 21 33 25 16 6 16 84 13 33 14 64 35 29 89 4 77 73 21 70 3 13 18 7 68 24 67 71 10 57 3 24 87 29 63 40 76 79 32 60 70 39 57 81 73 10 88 6 73 98 50 34 8 89 92 
95 14 53 86 74 96 58 3 35 14 32 8 71 48 63 9 80 74 49 86 65 34 98 50 9 70 66 34 29 79 13 79 69 7 36 4 10 27 52 36 5 10 88 74 28 95 81 56 33 95 50 52 13 36 4 54 28 64 91 25 95 6 53 9 55 90 64 33 52 57 88 28 7 20 71 82 4 97 34 53 50 32 81 10 72 9 83 30 25 95 52 59 14 17 76 14 87 29 65 0 91 60 37 0 75 57 80 68 84 10 49 79 53 72 65 71 24 59 20 82 26 34 52 52 79 34 73 45 46 62 85 59 3 59 67 32 7 56 49 61 44 33 93 81 99 13 4 20 3 88 21 73 46 10 49 66 85 31 82 97 
34 99 29 63 24 18 82 36 63 67 48 85 81 73 27 85 66 44 47 10 2 67 81 45 61 88 90 89 36 86 32 6 37 25 99 16 44 45 69 18 12 79 48 86 68 26 80 41 87 61 49 87 5 80 57 25 16 43 10 59 27 44 50 25 55 77 18 56 45 89 30 3 63 15 91 0 1 11 41 29 23 73 15 43 50 2 62 42 55 24 5 49 16 50 14 98 88 10 96 72 20 1 41 65 15 2 62 78 35 99 31 48 28 77 31 49 91 97 45 41 89 85 84 79 8 95 8 15 79 8 40 87 0 83 78 61 8 62 41 3 36 17 47 74 11 49 79 10 91 10 26 60 14 35 99 20 51 88 32 73 
83 33 85 13 9 34 86 82 33 96 97 74 18 50 28 68 33 70 31 26 32 94 77 62 93 46 29 32 80 43 80 12 47 13 23 66 94 86 68 47 31 36 94 91 38 88 50 67 20 51 68 70 88 11 41 64 29 17 31 7 94 98 53 93 37 99 45 77 25 18 72 19 78 6 10 32 5 74 56 33 39 34 95 98 72 78 69 15 79 37 87 46 67 85 8 86 29 40 87 28 31 73 30 23 16 44 63 36 56 28 36 14 30 99 21 64 87 23 63 76 80 89 71 4 22 62 56 12 83 46 33 10 83 56 20 16 87 19 82 78 26 20 14 18 38 46 5 9 8 61 55 54 23 48 65 50 31 68 6 53 
16 81 42 86 53 91 96 2 5 74 47 72 92 95 93 65 36 1 65 6 31 30 89 73 88 54 99 2 18 80 97 54 57 25 87 75 39 64 91 51 27 12 9 10 14 81 89 16 85 66 26 91 80 56 1 22 26 52 91 38 49 62 28 41 44 83 78 46 33 65 44 12 81 54 16 10 40 37 89 81 17 8 18 26 79 89 91 61 30 52 1 30 34 91 86 24 8 22 94 6 28 41 44 58 62 84 80 2 23 23 35 61 94 79 22 28 18 28 63 98 69 78 64 74 60 9 59 1 9 30 16 87 17 19 68 91 28 28 89 81 99 53 62 50 74 81 69 2 48 8 48 96 30 16 91 34 51 50 9 13 
53 66 37 67 21 34 71 75 68 44 60 27 48 49 6 44 50 98 66 5 39 84 49 78 53 37 87 19 98 69 1 82 59 4 39 50 56 82 97 10 5 86 89 54 16 27 24 18 60 75 14 8 79 94 16 73 23 17 34 24 78 66 13 36 66 1 24 16 28 55 85 36 86 78 2 83 74 69 10 72 0 70 34 53 28 77 48 11 95 14 89 84 90 16 26 63 22 9 4 96 70 61 71 28 39 16 80 45 72 5 1 32 23 19 91 27 5 86 49 61 98 60 59 35 9 35 54 87 8 18 79 87 42 26 2 32 48 97 82 42 72 43 63 20 68 60 2 5 6 73 58 32 80 77 80 81 64 31 49 37 
28 75 3 45 17 76 59 23 27 37 62 71 26 44 56 79 53 96 56 70 22 96 87 29 27 40 10 48 5 89 55 37 69 41 22 70 3 93 16 62 77 4 21 56 76 34 53 22 51 66 56 18 70 93 45 52 88 72 17 23 10 94 42 60 39 92 91 53 57 26 42 26 14 73 8 49 31 36 46 79 84 27 35 31 12 71 30 71 92 89 50 55 94 59 17 88 88 16 60 73 46 56 6 32 34 23 64 56 49 81 38 53 64 87 12 5 81 89 15 53 79 30 75 84 96 17 84 45 1 76 74 79 86 61 66 98 16 10 99 78 17 14 25 36 29 69 81 28 15 24 22 51 79 33 86 73 39 23 45 55 
37 67 91 43 93 5 34 93 43 83 26 38 46 7 69 75 84 74 55 45 49 78 42 70 15 44 70 49 22 77 98 16 31 76 32 28 13 47 97 65 49 33 54 81 49 78 3 52 93 30 46 40 35 25 54 17 55 54 43 39 63 85 13 48 7 62 96 85 95 87 93 78 37 2 51 70 96 78 73 36 88 50 57 30 35 9 35 11 12 0 61 43 1 79 95 36 12 25 96 25 47 43 47 9 95 7 75 50 83 95 71 73 70 14 62 83 71 98 18 13 26 56 77 43 81 99 72 17 37 25 10 96 6 37 26 47 48 69 23 98 20 93 28 24 87 74 40 95 35 33 40 45 12 34 19 23 32 20 15 9 
51 67 73 25 58 64 41 48 48 9 55 6 48 48 6 96 32 24 85 18 43 5 39 31 60 72 20 57 52 73 90 47 97 70 62 6 53 11 30 89 1 45 77 91 97 89 29 77 88 7 11 47 66 99 10 38 11 88 19 54 30 61 42 10 8 25 43 12 67 95 42 1 35 96 50 24 59 78 45 71 77 42 90 71 35 50 48 28 90 85 46 88 93 32 61 37 68 59 71 0 37 70 97 13 76 2 85 41 96 10 34 15 88 95 50 37 82 53 97 74 34 67 33 94 41 7 54 95 57 12 81 41 27 2 33 45 18 42 76 29 61 6 21 42 39 99 78 38 44 45 97 40 88 79 8 96 18 31 83 72 
53 10 89 69 21 48 94 33 78 47 82 83 41 36 83 79 16 41 5 66 39 79 88 99 95 13 55 11 49 45 51 27 29 34 6 69 5 19 62 63 51 32 11 93 23 71 91 81 8 1 56 43 82 55 67 12 52 68 69 64 35 48 64 14 99 44 56 13 32 98 34 63 78 19 33 87 60 54 69 29 70 27 1 66 29 29 30 28 49 21 64 87 54 62 48 82 27 89 14 28 55 2 87 58 50 41 42 53 18 97 4 29 31 96 59 12 87 54 11 11 9 34 7 84 82 43 29 55 75 36 20 77 59 24 13 43 40 8 76 9 98 73 17 10 67 27 43 68 40 64 50 69 19 87 51 33 13 96 50 69 
35 53 69 48 64 53 37 35 84 20 42 94 78 76 84 22 43 34 81 55 12 80 27 33 71 99 91 83 22 6 42 25 14 51 18 8 66 63 74 49 61 37 20 94 81 9 4 43 70 83 98 83 98 62 63 88 28 78 38 47 71 17 57 45 58 27 47 23 26 66 23 58 62 59 0 0 91 44 18 57 47 68 78 98 61 58 17 24 42 59 12 32 36 9 40 50 81 93 42 9 52 53 45 19 20 48 96 92 44 8 47 14 51 8 27 34 89 89 45 76 16 70 69 55 51 23 8 98 2 2 64 27 39 8 28 91 55 67 19 24 39 15 73 2 10 45 54 96 17 74 3 70 73 7 18 86 30 30 6 44 
94 6 42 50 27 94 23 83 80 55 10 77 46 0 50 12 34 59 23 49 8 78 46 66 76 27 19 18 47 56 16 42 2 2 44 49 68 12 44 58 28 59 45 47 13 61 54 24 40 62 12 43 1 71 83 71 54 20 76 14 14 21 87 36 14 52 12 90 75 64 79 50 65 33 3 9 44 48 71 9 89 28 68 2 19 67 13 68 33 54 19 59 19 59 37 69 6 66 72 70 10 84 90 81 74 57 99 32 49 71 76 41 92 28 73 39 53 29 33 15 42 89 83 6 27 4 97 88 37 43 61 76 36 54 58 34 46 16 98 39 69 58 55 4 68 61 76 7 20 50 99 72 33 15 24 17 58 21 72 13 
49 19 61 2 1 59 72 99 33 31 73 38 91 84 44 37 75 36 32 19 56 74 97 61 30 90 7 62 43 27 23 42 10 80 16 5 63 25 67 88 68 95 46 86 91 88 44 41 45 54 31 57 6 45 76 48 45 11 26 17 81 79 26 14 87 79 73 52 6 90 48 80 92 7 42 51 19 40 73 54 0 14 62 5 66 98 58 29 11 54 99 45 66 78 55 3 24 45 58 36 54 0 97 33 12 38 58 89 38 50 24 98 78 39 48 98 49 19 43 13 38 40 50 94 57 50 27 74 12 85 33 75 61 18 30 34 27 98 34 55 43 36 34 81 83 6 47 24 28 13 79 37 87 11 5 28 86 94 14 15 
61 30 2 29 4 25 2 22 34 5 15 78 69 87 43 90 86 93 83 50 54 68 42 47 74 55 25 31 24 47 52 63 92 67 69 96 76 52 56 1 16 73 92 96 70 74 75 12 60 85 61 97 6 90 38 65 94 85 6 17 0 10 52 38 60 3 1 38 76 14 95 37 57 47 12 32 9 12 63 77 58 70 45 30 90 11 71 43 34 24 27 81 92 32 11 45 35 27 79 64 34 3 36 59 77 63 95 87 58 90 10 60 34 43 21 40 60 63 9 79 56 57 5 36 71 35 15 0 20 87 39 24 84 11 8 20 42 92 3 12 31 31 76 1 6 92 73 24 11 77 45 76 1 16 97 90 60 77 45 63 
67 79 59 34 64 4 51 91 24 48 1 45 30 70 96 11 61 13 96 89 76 86 29 43 83 70 63 71 68 14 21 46 76 52 40 85 41 70 14 24 96 64 13 52 42 50 49 37 64 36 44 49 94 19 83 73 96 89 1 87 54 8 42 53 28 12 39 48 10 76 1 51 83 16 90 2 4 96 0 86 32 9 32 74 0 79 60 96 95 42 49 38 52 17 98 55 67 93 10 55 25 59 67 6 62 78 38 83 86 31 80 21 74 17 96 71 44 41 93 49 41 42 45 84 50 39 45 22 16 75 65 49 43 38 62 78 99 71 21 7 89 81 0 37 7 53 80 74 10 1 67 29 69 17 8 55 81 98 29 73 
51 13 8 31 7 12 39 43 18 16 87 50 1 46 26 61 24 68 43 21 81 18 97 29 30 90 4 52 96 97 91 27 71 70 0 31 50 96 45 64 5 69 58 9 2 80 2 77 63 29 3 64 33 26 63 7 53 17 4 88 9 22 20 33 71 71 32 36 88 59 33 82 64 30 34 60 87 29 31 41 17 76 88 92 6 36 75 9 88 53 83 6 13 33 85 29 45 45 26 86 19 20 1 90 43 3 59 96 35 84 45 27 47 95 61 50 52 62 74 71 19 17 77 12 0 32 89 37 23 50 87 61 53 97 91 27 5 99 7 31 50 22 40 38 28 73 48 71 71 27 87 28 82 80 72 63 94 15 66 14 
52 10 46 19 89 80 99 8 68 36 1 36 45 4 60 58 45 88 2 58 89 51 54 80 96 29 82 83 12 69 50 24 67 43 53 3 71 15 59 98 90 22 62 46 96 99 93 10 76 19 41 99 43 96 63 78 18 85 44 68 12 30 8 43 54 82 82 75 33 8 48 61 80 56 31 56 28 79 12 57 8 71 63 88 51 11 14 66 12 18 33 92 88 28 94 28 57 9 99 45 43 55 90 56 56 78 98 17 75 6 22 58 32 74 79 61 37 55 22 54 18 28 13 12 52 52 58 45 17 14 94 37 79 54 5 18 69 8 32 46 22 46 30 35 62 58 92 59 3 88 25 23 12 9 14 90 34 12 59 46 
96 64 87 72 18 17 71 9 84 1 54 43 52 67 36 88 44 63 35 25 66 69 1 63 56 17 87 82 51 38 24 57 59 1 47 85 38 72 51 88 45 97 75 22 63 13 59 2 67 57 94 97 4 98 53 73 84 4 18 69 37 31 51 12 80 56 1 46 92 97 44 36 23 12 75 44 5 67 88 9 54 2 86 37 68 44 31 73 47 56 19 45 41 24 46 4 72 64 53 3 43 95 38 57 17 2 96 93 71 34 37 46 3 2 43 20 59 61 53 74 48 89 65 98 55 6 96 24 23 77 88 60 13 78 60 36 8 7 51 76 56 56 25 85 60 2 6 71 36 17 46 72 99 32 36 71 68 71 8 42 
49 19 24 94 72 71 86 95 77 15 88 75 40 10 63 80 59 72 91 30 41 55 92 93 64 48 42 58 67 59 98 13 61 67 67 44 71 74 27 50 68 63 3 44 65 83 4 15 6 72 23 97 84 67 43 93 57 42 68 65 45 33 20 0 44 90 63 25 77 78 96 66 96 9 0 67 97 18 44 26 95 28 37 61 2 62 76 30 63 44 95 80 17 29 24 31 46 63 62 68 12 91 60 45 40 47 65 76 70 8 81 53 44 47 94 20 44 71 1 18 1 26 89 73 32 70 67 45 18 81 71 32 84 97 98 68 76 80 76 91 65 70 97 21 12 58 57 0 42 42 15 0 75 37 30 9 61 72 79 74 
68 72 50 80 42 20 85 67 23 36 40 38 52 88 6 6 11 25 77 59 2 64 80 42 4 28 36 97 7 84 13 60 88 79 69 53 91 75 4 98 90 13 25 69 58 35 53 98 32 89 38 78 26 11 14 6 68 69 15 87 2 26 49 14 24 66 55 90 97 70 32 46 18 57 36 44 67 67 61 32 75 42 46 41 93 37 21 29 44 18 14 88 15 98 75 69 57 43 77 56 59 81 96 96 59 22 85 0 87 99 43 96 61 6 43 90 77 68 79 4 0 66 2 97 6 96 82 13 18 68 85 85 75 0 53 94 29 51 27 64 15 44 78 83 81 35 35 68 71 56 35 98 77 3 84 74 77 32 29 99 
19 48 40 1 27 57 69 93 68 90 23 13 1 84 1 87 84 31 28 49 46 57 72 39 10 18 95 4 62 40 80 71 27 13 12 61 94 42 5 93 32 64 8 91 38 32 31 3 84 13 29 74 98 98 17 49 0 44 11 3 63 68 2 80 88 77 61 13 65 99 62 99 97 99 74 26 28 64 24 91 66 98 81 1 30 24 21 54 74 87 96 17 90 97 26 25 10 8 15 80 92 42 85 10 90 92 67 35 22 82 3 91 19 45 90 74 13 18 91 81 24 56 88 56 69 21 55 48 1 73 80 27 85 63 72 78 22 53 5 20 60 21 55 4 87 16 6 94 73 7 56 44 57 22 2 65 81 46 80 94 
24 46 4 24 83 64 77 51 14 89 0 59 79 98 27 75 36 59 83 64 95 82 97 13 3 51 20 6 30 71 24 23 8 66 83 50 31 47 36 70 61 24 4 19 51 96 84 0 3 23 19 84 40 91 65 35 13 31 78 10 89 91 54 0 46 0 80 66 66 57 64 80 67 15 59 16 17 92 33 58 65 62 53 46 91 35 60 24 64 62 37 35 21 93 75 98 27 37 1 21 96 26 79 67 81 85 28 60 62 33 95 20 32 42 22 61 71 26 87 1 46 62 77 69 17 12 30 18 6 87 11 5 0 99 55 32 50 63 50 7 43 62 87 25 2 62 91 90 46 53 24 37 60 93 90 18 88 47 26 38 
95 91 50 1 89 65 81 60 66 68 14 7 33 27 71 60 79 39 48 29 74 73 51 28 62 89 57 4 0 21 32 39 88 8 24 44 88 9 62 5 8 90 27 64 41 19 0 47 32 38 34 0 75 38 13 25 70 80 12 84 57 90 80 83 23 22 46 26 57 62 73 45 23 56 27 6 41 55 53 79 61 68 99 92 41 59 67 28 78 1 20 97 91 46 40 15 76 5 13 39 81 43 68 93 88 74 64 47 2 85 60 90 91 27 33 79 12 29 60 73 99 19 57 15 77 27 43 78 35 31 81 1 78 55 48 39 57 71 35 62 36 2 11 34 21 71 10 72 22 49 60 32 48 57 83 36 89 92 52 16 
30 75 47 65 54 79 58 6 72 64 17 79 91 84 52 58 69 9 13 93 66 24 41 90 59 74 37 61 63 28 54 84 66 52 26 10 58 63 78 93 36 66 74 73 43 5 16 99 43 27 52 43 49 74 14 22 85 59 57 24 25 28 20 57 27 41 61 62 14 70 76 63 14 23 43 73 58 24 6 80 20 99 43 79 53 71 90 22 24 46 34 91 30 20 32 62 58 23 26 3 32 52 67 16 77 95 57 13 45 40 23 42 25 50 67 19 71 59 78 99 66 7 80 90 16 63 30 49 63 72 64 11 57 87 17 37 28 71 47 63 81 98 91 95 9 37 9 49 0 96 52 48 83 12 29 0 71 21 3 55 
88 13 6 3 34 29 80 94 33 8 15 76 88 92 68 80 54 73 29 82 79 7 19 55 31 23 28 57 18 2 90 61 82 95 44 1 6 25 85 94 6 13 45 38 34 63 76 31 98 82 25 87 4 99 70 23 95 98 21 25 7 2 50 6 81 34 83 40 30 19 35 53 96 32 72 97 82 61 78 78 81 91 36 52 6 45 16 26 36 17 35 82 76 88 97 39 91 64 70 61 72 28 81 96 23 50 58 40 40 15 46 89 9 23 80 77 89 30 17 6 48 60 20 41 23 12 54 11 10 1 54 90 79 53 88 88 49 15 21 99 31 10 3 36 59 9 16 67 24 52 4 80 10 51 38 44 10 3 84 86 
1 99 2 41 35 67 78 1 50 99 57 3 33 90 8 61 29 79 38 16 94 70 84 53 67 65 45 9 40 81 83 76 5 26 12 11 97 5 14 12 53 5 89 62 24 6 30 78 81 66 96 14 21 97 93 13 59 44 9 30 60 63 24 85 80 64 70 9 97 40 21 17 10 8 85 68 77 85 44 71 44 59 89 44 22 73 2 50 20 80 72 69 49 48 90 93 37 44 84 37 78 82 6 71 90 14 0 43 80 8 55 24 24 13 96 26 36 74 67 53 81 14 63 13 49 46 13 53 5 27 2 50 3 0 70 56 58 11 3 55 54 51 90 4 26 65 64 8 82 52 70 90 25 47 42 62 5 90 84 98 
39 78 69 80 0 92 18 50 3 28 19 90 71 28 24 13 68 24 27 5 48 57 28 56 52 90 10 73 92 52 1 39 18 40 6 32 84 70 50 74 98 97 65 92 63 60 2 59 22 23 19 32 92 32 91 80 95 96 43 1 31 93 22 29 60 61 80 40 52 76 76 81 69 71 31 93 22 94 77 81 9 96 21 16 52 37 44 73 73 27 36 33 88 8 41 17 94 28 64 57 9 48 28 99 52 39 65 18 13 7 31 21 53 28 47 34 88 18 61 97 84 32 91 37 87 10 70 27 98 84 53 78 32 11 30 34 77 78 56 44 59 74 28 4 83 80 20 36 94 67 82 74 85 75 89 45 95 11 58 39 
41 99 52 24 12 81 94 48 31 16 15 95 86 29 76 39 86 97 42 22 22 93 85 73 91 60 8 65 68 62 10 29 24 52 18 68 36 58 32 23 51 66 19 24 34 82 51 1 13 23 14 24 43 81 92 85 75 46 40 71 59 4 23 74 24 97 1 80 53 11 14 13 80 26 19 10 19 51 26 49 95 42 92 27 90 99 78 73 37 18 62 33 40 88 6 68 18 43 36 44 56 46 29 11 39 98 77 45 0 10 6 30 24 54 85 86 24 10 53 67 37 3 57 7 81 94 72 25 35 49 35 41 10 30 64 21 6 50 15 54 52 59 93 67 37 22 67 24 92 21 89 58 86 63 97 74 0 52 46 36 
91 69 62 6 35 89 5 29 87 31 48 17 53 6 56 92 33 12 91 28 45 65 61 63 26 36 68 71 49 64 43 7 98 3 11 73 66 79 23 97 1 49 97 16 80 80 22 18 13 83 14 31 19 18 12 39 0 0 45 15 10 22 51 75 20 76 31 55 48 60 87 88 44 47 20 27 50 86 22 91 66 45 61 19 59 75 21 37 25 63 62 62 85 85 14 45 0 33 46 20 90 52 28 59 16 98 38 72 0 5 73 61 45 33 1 62 3 38 57 39 56 63 26 24 42 19 78 79 22 95 25 17 41 99 53 62 60 79 38 97 65 96 95 25 88 96 57 81 70 46 6 46 81 87 74 84 76 53 80 97 
3 19 16 52 99 78 27 15 51 53 13 22 91 61 23 74 5 21 24 96 71 45 52 48 13 79 25 97 31 48 33 59 74 89 67 7 63 86 42 97 26 29 73 89 60 90 20 5 18 90 28 81 96 76 56 54 3 19 39 36 58 6 55 60 23 43 69 22 1 36 25 21 59 7 96 89 29 70 47 68 61 33 7 75 4 78 74 18 4 43 16 98 20 2 52 16 71 57 9 94 19 34 50 91 69 36 50 90 98 92 96 12 37 6 56 55 57 87 81 74 66 90 45 21 1 19 67 18 66 48 89 16 33 25 26 68 25 73 41 65 78 38 29 37 64 2 57 50 33 11 13 74 95 61 53 28 61 8 46 29 
80 74 74 71 17 87 76 13 91 34 7 88 18 50 94 62 0 2 77 64 70 74 47 16 87 21 28 47 82 81 57 62 65 71 92 46 4 82 26 3 88 36 38 55 68 20 28 73 40 34 86 82 3 28 7 28 62 49 45 70 69 3 93 63 75 85 42 63 93 12 72 70 34 29 93 31 64 52 23 18 11 27 57 46 94 67 35 87 52 5 47 99 59 77 65 79 56 75 70 2 5 43 65 73 11 49 36 95 17 95 37 30 36 50 39 3 17 89 9 75 30 25 66 69 22 83 88 88 61 12 79 15 47 96 88 21 25 22 42 1 75 44 78 48 4 9 60 49 13 90 77 80 92 42 82 12 26 25 75 24 
73 90 97 32 3 57 64 24 96 58 43 29 50 67 26 69 85 69 38 0 75 25 80 19 18 15 34 22 59 70 48 76 6 15 84 58 83 38 75 92 61 81 53 99 57 73 27 47 94 32 30 24 98 95 83 53 24 58 68 31 39 26 26 63 67 94 59 48 66 82 66 35 19 81 90 43 10 82 88 29 76 22 37 24 37 26 2 69 52 91 7 55 46 20 18 88 26 59 10 17 69 96 57 28 7 73 96 48 65 15 69 55 70 37 95 68 87 85 63 58 11 17 20 43 51 11 46 21 84 64 50 40 49 9 85 17 23 33 38 9 18 65 52 2 47 10 55 22 43 10 98 52 1 71 30 55 56 87 70 21 
18 5 35 74 45 60 90 46 93 41 20 70 96 39 10 58 76 23 7 63 89 40 16 54 33 98 92 48 86 46 28 19 76 38 56 10 93 30 62 24 32 66 77 55 69 60 5 6 13 71 77 78 52 63 83 89 97 85 44 90 60 4 3 73 14 1 50 2 68 98 13 67 68 13 40 58 1 57 68 42 64 22 27 88 54 62 28 63 57 72 10 57 56 88 1 38 73 19 71 72 58 22 89 80 75 72 79 95 72 58 35 86 32 29 70 81 4 85 92 36 64 95 29 21 6 86 51 41 11 50 43 88 86 88 75 57 92 4 45 89 32 84 10 89 93 16 84 92 20 41 90 7 38 18 45 61 46 36 30 25 
80 25 1 68 35 37 24 64 45 71 59 59 6 68 83 12 26 83 74 58 31 8 71 57 50 88 46 90 69 10 78 0 31 25 83 88 97 31 17 28 52 62 73 39 30 15 87 24 83 86 81 25 79 60 91 99 11 87 99 17 92 85 36 84 17 55 35 42 32 55 77 29 62 94 42 93 66 6 58 46 49 99 64 20 73 91 88 15 72 15 95 77 44 44 82 46 64 56 34 77 54 0 53 22 25 9 65 38 24 82 11 0 73 89 98 89 51 87 35 34 72 99 37 41 73 7 83 74 37 97 37 68 16 31 36 6 32 90 45 16 39 31 95 4 28 28 78 59 59 58 6 91 40 13 41 9 61 15 10 25 
29 0 87 26 47 54 95 5 61 69 0 41 89 94 87 60 59 5 3 31 78 12 71 25 18 1 9 62 72 60 13 34 61 18 57 29 67 22 68 95 35 84 18 78 94 10 13 52 63 25 14 48 89 7 80 21 21 47 9 59 97 61 6 24 97 93 66 11 27 29 58 49 80 96 69 85 63 88 75 43 93 19 58 6 29 54 83 40 54 22 49 18 97 28 38 26 91 23 77 34 7 42 26 31 55 19 32 22 66 12 24 44 28 61 30 47 2 26 89 49 10 65 89 37 34 11 91 83 58 64 46 67 61 73 65 61 82 43 32 4 79 21 61 93 8 29 52 94 11 30 94 40 38 79 12 48 45 69 16 43 
88 98 57 25 4 32 95 99 2 95 65 74 83 57 72 1 81 8 71 75 70 38 21 82 17 52 56 3 18 51 64 96 44 33 62 79 81 5 85 27 20 73 65 32 41 25 41 95 26 67 98 94 75 65 37 81 64 83 92 17 94 44 63 30 57 94 27 8 91 53 80 89 61 57 55 84 17 40 69 62 46 24 4 37 80 13 22 17 58 64 24 29 99 89 6 35 71 22 61 59 6 83 14 4 32 14 15 49 32 66 22 87 39 38 69 86 1 57 18 92 5 68 28 31 40 70 63 13 1 36 84 20 85 58 47 50 91 9 51 86 99 78 47 1 88 62 77 17 57 48 76 87 28 90 85 29 24 32 4 10 
61 50 74 35 98 12 47 35 50 11 50 75 44 19 96 37 77 98 66 20 11 88 44 32 40 81 28 55 35 23 35 32 69 43 97 70 95 21 46 84 51 58 69 59 31 26 21 78 67 89 75 21 4 39 86 8 93 13 69 61 68 25 29 61 56 31 90 19 83 4 83 42 52 49 32 49 98 37 81 38 39 96 9 12 70 7 15 72 28 55 29 32 15 66 41 32 75 23 7 27 10 60 21 64 82 15 22 92 43 62 81 8 74 47 53 33 16 89 65 74 97 90 69 82 19 70 22 4 58 70 25 90 49 3 1 67 38 5 18 70 84 31 56 55 12 15 54 10 83 1 51 82 5 49 53 12 98 86 60 99 
90 18 45 57 29 47 97 93 92 10 23 38 16 70 76 58 58 77 43 33 88 29 69 78 84 57 62 57 60 64 41 6 49 1 89 45 54 56 75 80 47 68 99 85 31 96 18 8 40 22 59 31 84 67 92 25 7 6 84 78 92 16 35 90 46 62 5 72 48 61 97 7 59 88 84 95 8 75 97 32 89 57 67 66 97 57 10 95 60 17 76 84 46 8 76 39 6 12 77 84 25 97 28 52 82 13 52 92 88 73 5 65 84 54 82 0 8 91 5 10 43 84 15 12 2 31 22 88 84 75 84 75 29 99 96 74 76 77 13 32 57 11 98 16 39 62 62 45 52 86 6 35 51 12 0 50 7 62 53 21 
16 5 81 81 38 83 71 82 90 74 49 75 17 41 15 49 18 82 30 78 87 19 54 10 69 29 94 74 77 98 83 34 1 83 95 7 25 71 79 80 61 50 15 4 37 8 81 86 62 27 79 45 31 0 9 17 46 6 79 45 74 67 19 49 6 89 57 14 99 77 26 69 81 63 70 84 29 19 79 57 11 94 79 24 86 7 61 42 61 23 58 77 96 69 15 45 52 14 17 60 89 39 13 19 57 29 17 99 80 11 6 84 67 46 54 93 73 53 43 56 4 43 3 33 15 77 55 40 11 15 98 7 7 42 61 75 21 59 80 57 83 92 67 41 88 52 80 4 16 22 9 10 94 8 13 54 8 71 64 90 
22 33 38 44 62 44 5 81 88 38 89 52 35 54 67 30 35 27 25 63 65 88 16 80 17 33 78 97 63 8 48 25 94 12 46 45 52 40 63 2 60 73 66 29 22 31 64 76 4 15 54 44 44 9 92 42 10 21 24 67 41 7 64 4 47 42 52 5 39 44 52 43 4 38 21 5 52 54 12 16 85 64 27 50 15 95 26 96 55 18 6 91 48 67 26 64 75 59 16 59 39 60 56 54 45 33 1 84 40 95 47 31 18 35 55 21 47 36 43 16 64 24 38 66 69 9 68 7 21 81 11 94 66 34 54 29 73 45 53 10 70 86 25 55 72 48 27 31 34 80 41 52 62 94 58 7 33 75 69 73 
33 64 18 18 25 68 96 1 1 76 70 55 33 22 58 0 5 2 45 22 58 73 10 36 90 10 38 91 28 91 54 0 18 70 92 7 22 3 88 56 64 46 0 85 57 18 20 24 99 64 24 11 9 66 71 26 43 17 25 88 71 98 27 98 19 28 69 14 5 55 82 78 22 15 56 20 34 52 50 86 19 20 10 78 36 84 67 35 57 31 48 93 18 5 62 68 62 5 32 60 61 30 0 63 48 84 82 8 32 39 52 31 98 19 52 0 74 25 61 67 34 94 71 89 86 71 25 13 24 10 92 7 54 26 90 47 81 23 95 49 40 0 4 84 86 13 33 13 59 96 25 37 64 43 80 39 65 95 32 28 
98 90 76 22 96 71 9 36 59 13 18 52 24 27 51 60 41 98 38 12 82 1 52 79 47 57 10 93 58 77 98 41 47 38 89 35 94 90 15 99 38 83 79 15 19 48 1 17 19 42 94 3 6 39 76 0 39 40 9 42 64 65 25 42 82 24 58 57 57 40 97 18 66 19 99 66 90 46 83 9 5 29 23 80 15 25 14 51 78 53 48 10 75 15 11 79 63 85 91 79 19 25 31 66 58 90 69 29 84 13 78 12 52 90 68 13 92 11 54 6 24 6 83 78 33 12 27 71 27 8 82 91 56 64 18 27 35 94 30 29 64 63 85 16 13 72 59 20 0 56 16 49 30 78 46 3 38 42 31 90 
2 39 4 73 90 59 12 87 43 22 67 91 3 15 77 43 4 55 36 53 2 27 49 29 87 50 50 22 17 4 36 78 94 66 42 53 33 42 11 76 84 46 3 6 84 72 50 39 45 68 83 44 25 49 45 6 62 21 48 79 78 67 38 89 70 23 0 69 5 85 41 88 79 87 67 45 17 91 70 50 5 38 92 58 54 14 18 2 44 98 67 21 75 24 95 0 32 91 77 85 8 79 58 47 23 66 28 68 73 41 10 23 32 50 91 55 47 7 57 59 87 31 43 98 11 17 13 14 49 77 22 40 24 6 22 27 37 31 36 8 60 24 61 87 95 7 53 60 60 93 75 43 99 53 90 68 65 78 46 17 
23 50 62 81 93 48 38 64 65 65 6 79 11 14 80 62 22 62 37 62 96 2 9 27 36 11 87 53 63 62 47 21 16 11 89 8 95 46 93 88 52 12 18 57 58 19 19 93 64 16 88 84 84 33 95 76 88 64 58 82 97 69 88 69 64 64 36 51 28 28 67 62 43 30 5 26 64 89 36 11 24 69 48 53 64 2 23 5 24 53 11 73 25 41 88 78 88 28 60 21 7 84 52 24 43 77 37 53 95 34 56 66 57 84 43 73 18 84 98 21 60 26 83 6 8 68 90 29 97 45 71 85 27 97 12 39 99 97 86 1 72 12 95 71 8 25 99 37 89 9 56 31 1 99 21 71 36 30 55 20 
63 53 97 63 47 5 56 79 55 12 40 74 36 2 26 52 60 0 58 90 84 8 91 38 54 32 18 73 8 54 95 66 64 49 12 73 97 26 51 64 57 40 59 25 93 29 83 23 86 67 22 99 69 23 51 25 80 76 49 45 43 99 51 91 59 27 58 30 5 29 52 19 59 88 7 98 22 68 51 4 69 56 60 58 18 93 2 76 15 80 48 59 45 20 48 39 52 85 18 77 49 89 22 90 82 41 89 70 26 73 37 90 86 97 31 95 69 7 18 22 66 70 70 97 18 33 23 19 55 67 50 76 84 21 46 52 29 93 69 23 29 29 90 45 52 32 47 44 46 92 0 59 62 99 76 59 11 19 3 52 
49 59 51 8 75 43 79 16 65 60 1 81 81 33 91 50 58 52 81 94 75 67 12 27 96 33 90 98 71 2 12 47 0 9 86 23 33 98 23 64 18 88 92 15 26 94 70 24 51 88 3 99 49 52 44 54 95 9 19 52 11 36 28 85 67 99 65 32 91 70 72 2 34 90 27 5 59 61 54 40 94 78 10 98 44 30 68 68 44 47 61 86 53 86 21 71 66 35 36 12 84 37 60 33 73 61 74 76 76 21 83 9 69 57 16 58 72 96 15 40 2 55 45 68 60 97 74 33 80 32 75 96 30 45 89 96 57 30 39 93 73 62 19 14 45 99 37 33 90 14 28 18 19 18 64 66 62 13 28 58 
81 91 51 88 7 37 28 95 56 82 31 93 45 83 64 19 47 31 99 44 81 91 41 37 31 82 66 83 29 97 10 79 26 32 34 54 19 63 82 2 93 40 4 0 93 87 44 89 34 1 56 92 24 60 29 37 7 64 54 90 17 35 48 2 42 90 82 45 55 94 67 84 94 92 18 25 23 91 3 90 49 76 43 51 94 40 16 19 21 3 6 58 65 11 85 96 48 97 77 53 87 23 48 92 95 49 53 59 77 47 67 71 10 79 94 84 65 61 50 94 82 33 46 40 33 7 7 44 98 30 69 39 38 46 64 95 65 67 56 15 8 56 7 70 52 1 75 65 34 37 83 30 59 64 38 14 88 8 24 89 
49 57 23 82 2 48 62 19 58 8 71 92 75 22 2 83 85 59 68 7 14 56 30 1 24 20 71 7 40 15 75 33 88 34 13 76 78 86 33 46 26 11 40 19 17 13 50 76 48 12 23 57 11 26 31 4 72 45 12 39 56 13 76 29 55 84 31 37 76 54 71 44 59 55 76 77 72 87 62 46 24 71 12 29 10 10 22 67 87 66 29 42 46 46 69 8 99 58 22 54 68 79 29 30 20 60 20 67 48 14 20 30 95 18 91 2 88 80 8 31 9 41 49 93 33 36 76 58 4 90 64 94 51 64 6 2 66 58 84 45 41 30 68 46 63 10 6 98 88 15 27 77 2 94 63 4 19 96 60 35 
27 76 84 9 20 56 7 16 31 22 40 89 29 81 26 59 32 37 74 25 28 78 34 87 18 81 31 42 7 88 86 34 42 57 23 57 13 46 74 33 91 66 36 32 64 27 28 72 72 47 73 77 39 62 12 18 54 22 38 67 36 52 47 99 66 88 55 56 52 38 5 98 95 31 71 29 59 35 43 31 75 29 40 75 18 25 42 67 38 41 23 40 50 7 87 32 45 66 28 16 21 5 33 86 86 10 79 48 50 47 89 5 48 11 49 36 29 27 51 44 9 41 23 37 76 45 56 39 4 40 59 69 2 81 66 91 57 63 80 91 41 32 60 73 9 60 83 17 76 28 86 57 43 51 99 93 75 22 58 91 
9 39 99 37 4 62 64 71 73 27 58 62 72 79 94 19 93 45 63 38 47 99 49 81 0 88 90 54 48 91 71 84 18 82 92 93 39 89 98 57 70 94 33 23 80 66 31 88 10 60 74 61 71 15 45 95 82 42 56 22 38 43 91 42 97 31 67 3 81 83 4 27 81 59 48 7 31 1 57 70 21 94 63 26 30 54 58 69 1 48 61 1 1 64 18 87 6 72 28 33 75 53 73 35 87 69 90 99 49 21 10 4 91 55 84 71 61 28 16 34 13 6 66 71 36 24 68 78 46 59 10 56 3 74 10 42 62 59 35 9 60 5 68 13 16 77 18 29 97 93 39 45 64 88 14 13 43 58 25 29 
77 29 89 25 34 70 18 40 63 90 18 81 24 74 79 62 87 61 44 20 9 14 99 43 20 24 50 30 13 23 90 40 69 99 40 62 28 53 19 16 46 97 20 22 10 44 35 76 81 41 45 32 47 39 63 52 47 53 83 23 14 6 82 32 38 58 62 32 24 47 9 87 47 4 26 23 74 49 11 3 2 18 68 64 41 44 45 98 19 59 76 57 59 30 34 74 49 64 25 41 80 14 81 8 65 29 73 49 31 41 84 96 56 12 0 9 27 18 61 74 66 80 32 17 76 24 85 45 67 40 17 39 84 7 29 67 68 22 68 20 85 90 43 28 46 41 4 61 87 63 8 47 96 44 15 88 14 95 96 39 
40 42 7 5 73 21 30 72 26 91 9 97 71 64 73 73 65 34 23 21 76 64 8 18 38 85 50 3 47 31 24 70 11 61 80 88 46 78 96 71 0 83 47 43 88 15 55 21 16 54 1 99 56 2 69 67 7 52 40 6 86 87 16 44 74 6 77 61 10 34 63 91 57 74 55 91 96 64 1 79 22 56 15 11 30 28 60 33 77 52 81 42 59 87 89 13 60 94 74 58 52 91 37 3 84 8 54 34 52 42 96 72 23 90 49 74 39 74 9 51 52 76 78 38 16 59 46 50 90 13 34 32 72 98 77 3 97 12 28 3 11 95 85 11 21 50 37 79 17 52 63 4 20 42 40 66 51 54 40 85 
23 28 56 30 29 39 50 40 5 64 66 10 69 2 87 7 97 33 33 30 94 68 87 90 96 95 22 1 80 95 42 10 44 6 61 95 36 13 83 58 4 42 42 48 83 33 4 30 90 97 88 66 44 70 34 41 45 82 73 94 83 59 76 11 19 31 10 17 96 74 7 24 86 91 94 70 92 83 96 76 63 69 92 25 54 72 86 43 71 90 43 52 36 7 63 86 91 42 98 84 12 70 78 82 85 55 42 51 48 19 65 81 50 89 80 16 48 51 57 74 15 61 86 1 19 2 79 56 61 23 47 39 15 89 66 78 49 93 95 23 80 36 38 94 79 2 15 79 23 23 87 0 5 63 28 70 23 94 27 26 
97 70 96 74 65 96 43 29 99 70 71 11 68 37 39 49 46 62 4 17 59 84 75 68 87 25 82 6 96 93 50 87 16 99 91 5 88 65 82 16 86 66 80 10 77 8 69 97 98 58 90 75 60 62 81 51 35 95 79 50 74 9 34 62 63 95 4 2 67 52 17 11 84 45 97 23 84 38 76 18 16 34 80 16 32 28 57 24 32 0 18 29 2 35 87 75 81 95 75 19 21 5 33 23 59 96 22 25 1 47 62 89 55 96 90 87 63 47 46 45 81 18 49 17 29 79 32 80 71 23 40 63 49 51 48 99 22 2 1 0 50 55 82 10 32 62 71 40 45 26 64 79 4 32 32 4 82 60 42 55 
61 94 25 90 87 69 0 22 4 52 74 95 88 99 71 78 27 35 41 87 77 86 49 1 48 9 14 53 35 77 21 85 60 54 12 69 25 98 22 63 80 67 44 53 51 52 92 44 39 10 92 97 47 97 84 79 77 66 44 18 7 56 18 2 45 85 3 20 97 46 98 74 3 62 10 87 86 90 45 71 51 68 78 28 83 42 59 82 17 95 57 80 47 24 62 88 89 1 37 16 5 62 3 92 3 23 80 47 96 9 97 10 53 40 30 36 84 43 80 8 25 64 6 30 57 51 22 61 16 57 61 22 87 83 51 62 93 30 78 48 96 96 79 27 20 7 91 15 6 34 91 60 71 85 36 30 9 18 72 77 
64 24 4 88 52 14 27 4 75 69 93 29 29 45 7 21 20 34 23 25 43 40 13 16 64 65 38 98 17 76 41 9 24 89 54 7 9 90 73 25 60 2 63 5 39 51 63 23 86 77 23 67 88 89 14 96 62 41 50 49 46 15 19 2 72 59 32 81 29 11 6 50 99 48 91 80 67 64 99 81 85 17 29 86 54 5 95 32 23 31 11 89 44 47 18 28 10 78 20 23 70 22 19 44 89 4 56 15 27 21 49 11 18 60 5 77 41 90 1 57 47 90 71 14 7 90 4 53 24 20 60 9 77 71 9 78 31 40 50 67 44 62 5 57 54 17 96 55 44 18 87 37 12 59 59 73 94 12 89 48 
49 51 47 63 46 40 71 81 39 81 97 73 20 18 93 98 68 60 32 47 12 91 97 79 46 2 71 67 12 30 59 20 89 1 67 71 91 84 65 80 68 97 37 38 30 36 32 46 21 72 13 71 54 72 25 50 82 89 12 25 35 66 57 11 23 16 24 35 31 61 88 28 91 35 40 13 80 30 56 24 53 45 21 97 60 54 74 30 12 67 76 58 70 89 88 23 44 86 68 48 26 14 39 7 79 57 19 79 24 89 21 79 60 30 95 34 76 36 67 84 21 43 95 6 30 23 51 10 50 65 74 78 67 83 14 87 93 80 93 42 30 43 55 28 41 25 68 31 19 69 19 95 55 24 1 3 9 30 8 85 
95 12 48 9 7 35 54 69 37 75 89 3 25 1 5 9 81 42 70 50 14 17 61 5 45 62 16 42 7 83 73 73 6 6 84 98 81 2 7 71 39 95 14 53 88 58 37 42 1 57 1 20 45 26 90 40 74 72 72 95 79 70 13 28 7 40 24 41 52 23 75 77 30 17 54 88 86 10 78 50 18 92 8 78 21 50 12 82 7 68 18 68 22 68 91 27 21 10 30 47 7 13 8 56 36 7 69 66 54 89 2 85 99 49 42 48 14 40 60 42 5 27 98 13 13 51 25 74 54 22 45 75 28 65 76 70 37 82 53 38 99 31 65 58 52 97 69 68 10 6 36 97 38 9 9 63 84 17 14 2 
51 37 98 38 87 25 64 68 8 83 61 59 19 28 80 33 84 55 26 12 76 88 65 48 74 19 78 37 5 58 84 20 12 9 95 90 40 62 75 9 24 34 9 7 91 78 34 95 45 78 91 24 28 87 82 0 80 10 2 56 96 31 50 83 86 88 40 33 64 68 52 52 58 27 52 52 4 98 1 7 58 20 23 65 74 22 78 77 4 30 64 72 75 41 5 97 42 86 29 66 24 58 39 13 9 5 68 75 41 8 6 21 82 18 31 26 51 52 29 43 32 10 36 57 49 84 4 44 97 81 99 84 28 33 1 8 5 97 51 59 26 22 93 23 80 3 19 19 94 22 94 20 73 1 88 66 73 80 54 21 
48 25 62 52 99 12 92 1 88 0 89 62 65 26 67 47 93 50 23 42 46 5 38 37 40 92 78 18 69 51 23 20 39 31 76 6 6 53 89 89 87 8 1 34 90 26 89 71 48 96 95 36 98 15 10 94 39 23 47 19 97 12 56 9 16 38 68 44 56 12 81 35 13 91 6 56 62 53 94 50 98 97 17 48 80 43 53 28 11 48 51 71 74 36 31 80 76 28 39 87 26 89 34 16 26 36 60 98 44 80 81 76 6 66 45 84 1 82 54 83 9 7 61 67 32 43 56 63 87 32 40 70 43 11 95 26 1 4 91 55 39 34 18 55 64 45 98 35 46 34 22 97 27 84 86 16 5 61 17 23 
74 37 52 33 84 89 42 81 25 79 27 54 79 29 33 52 60 13 10 90 81 43 76 49 21 41 87 77 78 77 84 24 34 74 8 15 74 5 10 46 0 65 21 7 59 26 15 3 88 87 25 94 9 99 36 76 65 69 93 7 14 1 11 16 51 60 38 84 27 55 16 43 7 94 40 83 90 1 22 75 5 48 79 67 23 53 36 5 68 75 43 24 67 92 43 30 35 96 98 87 69 41 37 80 73 69 74 0 4 41 1 85 40 43 16 99 78 83 94 85 87 99 90 6 52 94 18 19 16 27 84 95 21 86 29 75 68 4 87 99 43 78 85 74 79 5 10 34 95 98 98 25 54 43 36 96 58 51 87 28 
43 85 82 21 22 68 93 20 84 9 9 1 4 24 42 61 28 52 26 59 83 70 5 55 59 74 93 50 57 22 32 24 75 4 25 18 5 30 89 86 75 52 32 88 36 16 83 11 49 83 49 56 97 93 55 5 67 98 49 77 78 93 2 96 90 66 35 98 65 41 76 99 4 96 7 26 30 63 44 59 71 44 89 42 88 98 79 53 42 96 52 98 24 69 91 44 38 26 15 0 66 57 60 49 47 76 94 76 9 92 68 71 1 63 20 26 74 99 59 7 77 64 45 96 95 44 76 55 51 41 99 75 60 72 0 20 52 16 19 24 53 8 53 3 25 58 56 75 28 99 72 39 32 76 57 0 66 82 49 52 
37 77 46 51 58 24 53 82 20 23 45 25 85 35 40 80 78 75 34 27 19 26 79 6 6 32 1 14 48 92 4 79 75 51 18 69 19 95 4 53 97 47 96 19 62 75 18 8 42 33 78 39 1 11 2 80 1 86 93 25 38 86 80 52 82 47 66 99 72 65 32 6 4 67 30 70 79 52 61 64 63 51 40 23 20 32 94 79 80 15 91 22 5 30 0 79 75 3 32 62 38 98 90 36 16 31 84 58 37 80 97 72 6 1 44 77 87 0 81 10 60 11 59 44 41 62 1 41 48 31 4 82 77 10 48 96 39 28 24 83 61 92 21 92 54 28 65 21 17 83 74 41 28 53 63 65 99 71 15 33 
26 34 40 65 13 71 19 76 7 60 88 64 15 96 52 96 46 68 84 42 60 86 69 53 40 86 60 1 12 36 61 51 3 62 70 59 76 97 11 91 69 72 67 66 56 31 28 52 38 41 81 0 18 4 44 56 42 68 8 92 53 50 20 14 52 76 90 54 30 88 76 57 4 58 97 26 30 15 74 12 38 61 53 35 20 3 94 66 8 58 92 35 9 40 19 50 81 25 20 75 19 82 89 43 3 34 79 80 42 2 28 46 91 48 6 47 59 75 4 65 36 1 6 69 22 85 36 20 44 32 22 62 29 43 87 20 17 9 54 36 22 92 68 52 38 98 10 55 24 42 45 4 78 41 99 54 81 38 7 32 
63 0 73 43 85 72 95 65 82 93 18 3 72 13 37 4 73 16 97 73 34 83 43 67 42 83 83 47 84 87 0 50 95 8 49 91 88 88 72 46 17 75 11 34 1 47 19 56 34 56 24 37 86 70 89 20 88 55 69 28 10 6 21 60 61 29 46 34 33 42 70 47 17 55 55 27 53 28 83 95 64 44 14 74 41 28 37 57 21 91 53 82 15 50 64 43 4 86 90 72 35 62 56 87 70 54 37 59 48 22 57 92 33 69 66 95 24 53 55 91 16 6 62 7 5 71 90 64 49 54 42 24 41 25 53 24 77 94 1 7 96 6 20 87 89 56 5 73 46 65 7 90 93 86 32 84 13 36 66 14 
95 6 18 66 42 0 52 43 25 96 51 77 17 98 66 53 81 52 46 90 80 86 96 23 16 81 75 14 68 15 41 35 9 4 52 99 83 18 48 37 31 70 89 20 78 22 28 1 75 11 32 52 46 71 14 4 97 85 51 31 66 16 16 70 76 28 22 61 38 83 1 70 7 50 95 68 6 9 86 1 52 66 86 30 31 12 7 76 55 4 71 52 92 94 40 68 27 86 22 17 58 23 27 50 10 81 18 14 18 41 11 53 86 21 66 97 37 8 57 76 93 48 76 19 64 71 88 56 71 27 95 57 86 1 9 31 59 53 54 49 41 72 75 80 2 98 13 26 8 22 40 73 79 28 21 58 24 52 33 67 
60 27 39 92 18 47 32 79 13 68 3 14 51 82 86 43 41 69 70 77 35 23 53 0 39 85 62 76 9 20 40 75 2 10 80 91 92 1 3 17 8 17 86 90 86 25 79 73 59 89 92 82 88 83 14 57 54 11 74 61 48 33 70 51 27 10 65 24 3 36 59 14 78 4 2 40 34 10 89 31 96 4 5 59 61 12 91 72 83 63 53 56 52 88 4 41 41 31 69 1 19 40 56 52 32 17 95 13 16 64 39 38 9 1 30 35 69 28 40 13 21 46 59 72 53 35 37 71 39 52 38 29 40 11 76 58 49 93 34 20 56 45 31 41 6 27 21 21 75 77 13 25 1 4 51 88 0 47 48 47 
80 86 55 34 7 64 42 19 53 65 32 36 39 55 43 84 38 13 33 16 82 91 54 44 28 51 16 26 6 83 3 96 80 73 96 9 64 80 37 48 75 28 35 11 84 60 74 77 46 37 60 22 61 93 48 84 82 56 35 57 25 4 90 26 56 73 28 84 18 32 5 81 36 92 69 69 47 49 15 11 69 76 44 18 5 86 0 17 86 21 7 77 73 98 67 8 37 92 1 47 45 2 94 39 53 64 19 38 9 87 96 5 50 96 29 93 47 51 91 19 2 27 24 18 50 58 95 55 70 12 23 54 40 50 98 42 92 61 85 69 61 17 29 83 10 21 55 36 52 26 32 95 28 63 68 20 1 48 8 50 
2 85 81 9 51 74 13 54 82 11 78 56 89 29 80 53 70 2 50 42 3 24 24 32 36 88 74 59 41 5 16 10 77 51 51 35 34 8 41 16 35 46 12 42 5 75 86 23 98 6 1 1 35 53 77 43 76 4 69 47 34 65 83 73 10 24 46 34 2 52 40 53 84 97 68 26 5 0 12 45 18 39 11 50 63 11 49 20 71 97 74 37 51 95 38 43 65 28 77 1 63 29 25 86 45 80 32 21 72 2 55 77 80 64 27 12 9 12 54 82 90 24 71 75 16 10 79 59 79 36 17 31 29 8 18 24 48 31 33 45 2 22 54 15 57 21 57 91 34 81 20 60 83 65 80 75 9 26 66 4 
48 88 88 58 44 46 48 59 97 82 10 96 66 99 22 11 31 24 38 6 58 84 70 6 38 18 35 42 69 54 0 11 51 84 24 62 21 61 23 53 97 6 35 5 33 55 53 72 30 58 99 36 45 57 53 12 5 8 9 56 75 52 63 17 33 36 11 54 65 59 65 17 19 28 75 42 79 62 45 45 71 96 59 40 18 56 78 40 86 90 5 17 52 0 45 12 67 5 23 14 32 99 45 79 53 93 76 2 52 84 74 80 87 12 61 11 12 20 71 15 62 44 55 54 6 91 80 36 80 5 47 44 45 75 65 0 12 69 82 26 51 52 55 46 84 62 99 4 2 45 85 29 91 14 76 21 30 3 68 32 
54 57 43 15 48 36 21 96 82 20 21 82 93 63 34 46 34 78 25 47 62 20 38 82 13 33 76 10 5 50 55 20 70 56 21 89 8 24 14 84 40 79 55 51 62 76 52 81 51 11 77 71 42 11 59 53 61 23 27 92 75 0 97 52 71 45 85 60 91 77 72 53 33 55 84 10 35 52 43 56 7 30 96 27 12 74 8 72 47 35 0 60 23 98 3 76 12 97 42 91 71 64 94 85 64 70 64 55 56 34 80 20 25 16 23 27 35 8 53 35 3 46 33 69 14 90 62 14 65 21 60 17 80 24 0 99 35 36 3 96 30 17 26 96 1 59 8 41 3 3 31 62 18 58 6 29 58 69 54 50 
20 72 83 85 16 16 24 6 24 68 6 96 70 10 68 17 87 44 5 80 15 0 50 34 75 5 7 40 37 51 76 16 78 28 29 61 26 28 3 31 57 68 31 10 93 16 22 65 53 26 84 16 56 82 41 38 81 4 47 43 18 65 59 87 57 56 97 56 81 77 79 57 92 44 91 53 77 18 45 32 90 18 11 27 85 44 99 67 13 71 60 61 40 34 61 27 72 58 74 78 10 8 48 54 49 66 89 15 96 39 9 28 54 57 55 70 25 32 57 57 11 10 65 88 63 68 94 9 5 81 40 2 31 2 0 56 79 59 21 4 44 45 64 19 98 24 48 7 14 9 63 95 39 6 39 74 4 49 36 5 
70 32 55 70 98 62 42 90 58 84 99 50 6 82 20 47 14 87 19 28 66 47 94 98 16 20 24 30 2 46 14 60 14 84 73 27 42 54 70 2 9 50 10 7 53 34 6 82 86 3 96 84 11 5 36 21 31 51 98 53 17 68 27 38 89 51 60 20 86 75 94 51 98 12 24 22 95 29 39 99 53 39 57 75 18 73 52 32 4 97 35 76 4 48 35 68 14 43 54 39 80 9 63 15 51 37 40 20 5 45 54 17 82 96 63 63 6 53 50 26 10 45 89 16 3 47 45 26 60 62 42 79 37 63 83 80 54 17 35 4 68 49 32 23 66 2 84 79 54 81 40 47 4 76 50 33 28 78 9 8 
99 86 37 82 88 20 99 59 41 46 94 98 15 97 28 67 24 23 42 94 42 0 86 81 18 90 21 86 19 89 17 87 10 64 87 95 18 3 8 70 60 62 56 73 63 9 49 78 18 51 51 72 61 58 55 38 66 66 60 60 1 31 45 26 68 16 15 64 18 16 66 88 8 81 7 82 96 87 61 11 86 88 8 99 76 28 71 31 17 86 69 8 58 2 97 50 63 42 90 30 83 57 51 70 80 9 4 60 80 37 29 9 54 1 82 93 18 27 10 28 18 15 6 33 25 38 45 99 6 59 16 16 21 50 99 60 51 29 71 55 14 5 29 88 33 33 8 30 65 15 46 77 55 36 59 50 0 72 56 79 
3 69 88 84 38 33 11 32 7 38 25 43 29 39 10 21 7 27 72 8 97 6 40 88 77 45 27 27 61 4 9 90 68 52 68 15 16 70 85 85 70 35 31 72 59 31 15 50 37 60 88 1 45 84 11 93 17 3 91 74 71 62 5 39 57 26 97 82 71 68 98 3 57 41 80 33 59 12 0 53 50 13 61 97 55 6 6 10 6 21 6 54 83 85 10 96 4 38 8 57 30 6 64 8 42 53 75 29 10 56 80 49 66 16 93 18 98 9 10 93 39 56 74 4 34 17 43 4 77 37 31 1 71 6 85 3 51 36 64 58 95 57 89 97 36 7 77 2 51 95 19 53 15 23 12 53 31 77 93 79 
11 15 47 37 53 31 5 74 92 27 74 6 11 62 63 92 72 81 90 35 13 5 0 79 59 11 56 3 95 67 76 84 55 69 67 64 37 39 72 32 73 45 81 47 93 68 75 56 67 52 39 30 47 29 4 14 25 44 42 33 89 57 88 91 41 66 44 41 90 46 66 29 97 57 97 61 30 40 70 55 4 28 90 73 77 91 43 29 34 13 14 30 25 57 46 45 18 50 45 84 57 7 48 74 5 46 57 50 38 84 81 98 36 79 89 63 84 9 1 29 29 37 19 83 92 54 38 18 45 23 10 97 0 96 68 15 97 84 50 63 72 27 23 18 66 87 22 59 56 79 85 70 77 18 27 56 8 60 18 17 
38 7 64 71 97 77 51 85 65 2 89 15 53 13 52 24 91 18 82 6 46 12 57 77 47 46 11 16 66 92 32 51 63 44 68 53 74 23 73 98 6 35 13 7 83 6 15 55 39 88 86 47 57 61 81 5 29 25 8 41 31 67 55 43 30 46 91 28 83 91 28 28 35 43 10 74 98 14 49 99 54 22 50 28 98 22 15 1 55 46 85 19 26 83 11 96 57 46 20 70 86 82 9 98 23 12 42 52 35 35 50 32 93 45 61 9 0 17 1 38 6 63 22 16 3 56 6 16 44 6 65 24 94 52 27 57 78 5 23 65 61 82 0 24 80 20 90 99 46 70 79 83 81 40 21 87 62 17 40 97 
36 12 98 41 54 60 44 88 51 74 17 99 14 1 46 59 99 72 26 61 40 62 77 9 92 34 47 3 91 91 99 87 64 44 83 12 70 96 41 88 56 81 70 96 39 98 41 33 68 52 2 32 71 75 86 21 63 70 54 5 32 26 87 72 77 27 60 23 40 12 74 59 17 22 28 72 27 95 59 43 39 98 1 16 74 30 26 48 4 87 0 64 25 39 55 76 76 83 62 54 49 62 21 83 28 68 50 54 90 75 33 6 84 78 74 47 27 1 31 0 42 13 19 3 52 74 3 78 17 55 81 3 71 91 47 75 56 44 53 72 63 45 82 2 42 98 74 72 62 44 89 99 51 29 18 27 31 26 41 51 
35 54 69 1 52 17 89 61 94 46 99 3 70 43 41 29 90 31 67 17 62 57 37 23 12 89 42 95 96 45 86 41 99 6 70 47 60 76 89 76 29 5 71 67 33 3 30 80 25 24 92 52 51 42 36 53 93 71 43 62 76 27 81 25 50 96 90 51 16 82 56 52 61 53 85 82 46 57 63 65 72 28 75 36 83 44 66 28 30 43 92 40 56 16 35 59 92 65 89 20 44 75 87 60 28 76 31 85 69 42 68 88 71 22 9 13 83 98 18 63 16 58 56 42 94 34 18 84 12 84 0 14 97 33 32 53 80 81 93 16 74 22 62 53 37 99 0 8 46 28 36 68 82 26 74 9 73 36 38 16 
5 57 34 14 56 56 88 57 12 32 47 85 63 74 41 28 37 74 85 98 74 84 20 8 95 47 61 60 27 12 88 94 70 69 7 13 14 90 92 39 9 38 99 54 45 53 30 12 72 89 8 31 51 7 40 4 37 7 61 6 85 83 72 81 80 83 98 15 54 7 80 75 94 65 6 70 78 80 12 65 59 78 31 24 59 66 4 39 86 66 16 52 31 20 79 7 47 22 39 99 63 21 12 25 38 67 44 71 45 14 41 96 18 38 93 56 64 7 22 94 91 43 62 42 62 51 95 73 77 20 46 0 20 27 72 86 3 38 88 78 48 38 68 2 8 12 59 82 65 85 64 84 86 21 40 55 58 23 23 9 
39 20 59 62 65 39 75 31 85 99 66 55 34 87 12 55 5 93 82 40 8 98 91 52 45 52 30 47 39 14 74 81 7 85 22 37 33 43 36 96 52 98 11 81 27 36 21 79 45 56 79 6 95 57 10 26 40 57 86 48 82 27 66 27 53 92 37 33 79 70 24 36 24 43 95 91 13 53 97 48 4 50 26 6 55 6 68 16 54 8 47 78 12 88 35 53 13 24 1 41 87 36 35 76 31 17 53 81 92 52 47 49 28 21 0 23 96 87 64 37 4 2 54 75 55 5 72 7 80 59 3 91 8 32 95 74 16 13 75 64 63 90 82 89 11 90 1 53 0 31 95 68 71 17 28 55 4 40 99 61 
41 2 15 89 96 68 27 47 64 37 16 10 2 41 95 14 83 85 51 52 91 96 55 69 60 30 1 91 3 25 60 33 89 92 2 50 53 14 8 48 8 56 68 22 20 21 33 42 53 55 85 1 70 6 62 20 18 28 24 10 66 48 65 35 70 78 43 35 7 24 58 16 63 2 66 63 74 68 16 39 74 12 15 61 55 82 27 85 81 98 29 77 98 76 35 47 11 29 19 12 68 69 27 44 44 13 74 41 72 5 0 12 9 20 47 43 23 28 82 50 12 18 31 36 26 83 85 20 84 84 36 94 2 27 54 95 53 71 4 37 5 71 3 53 13 70 43 27 62 10 32 69 99 37 78 29 79 29 57 32 
73 15 36 13 82 61 82 45 2 84 78 4 84 24 80 9 8 20 36 83 35 58 92 50 5 76 25 41 72 1 12 98 7 28 38 31 53 83 26 83 7 45 17 23 23 34 35 85 49 35 53 87 98 78 97 26 72 91 60 32 30 99 0 16 31 76 18 84 96 30 32 65 57 75 53 88 61 65 88 23 51 95 78 82 8 0 96 67 99 91 43 25 41 17 34 18 63 37 58 87 52 55 16 8 87 71 77 99 37 9 18 30 98 47 17 89 67 0 40 63 62 51 94 8 63 17 63 89 25 31 53 28 38 88 57 79 86 54 36 87 60 31 56 79 36 91 4 78 88 46 82 27 82 97 94 0 58 64 41 65 
26 85 29 95 62 34 56 54 81 19 85 16 82 85 85 95 6 29 44 55 77 84 58 34 48 80 62 28 50 49 51 81 66 16 70 64 82 85 54 24 23 34 7 12 37 61 4 26 67 54 28 22 58 39 74 33 41 87 99 86 98 67 75 87 69 41 54 36 85 60 54 42 70 34 3 62 57 35 85 57 48 76 99 71 11 65 64 75 23 87 90 28 78 17 65 88 13 23 56 41 47 44 33 77 14 29 81 13 47 85 13 52 81 71 28 32 61 64 0 85 44 79 59 27 50 46 42 30 88 52 32 64 91 35 13 76 66 52 46 90 97 38 87 18 76 34 20 96 55 20 16 88 83 37 26 45 0 92 8 97 
87 18 49 21 34 27 59 54 5 66 33 4 19 77 82 69 35 65 69 33 24 22 31 32 42 38 9 82 31 67 58 6 39 82 66 21 80 1 81 93 50 10 93 71 92 62 60 92 21 46 36 88 54 65 2 57 28 88 2 41 0 76 74 67 45 89 98 70 27 84 50 55 40 95 8 95 44 25 78 26 40 44 45 67 73 37 72 83 17 30 93 86 45 27 77 56 21 29 58 29 18 63 2 85 6 42 23 69 19 60 29 47 35 40 34 67 78 60 16 76 79 94 94 71 84 91 34 17 85 84 91 58 75 88 14 21 65 98 57 16 34 43 14 82 17 66 97 53 46 85 35 81 98 13 29 49 32 98 61 13 
36 15 74 54 80 53 96 30 49 20 1 39 35 58 1 98 91 89 60 80 92 31 44 81 6 13 43 72 56 96 19 25 2 52 34 37 28 14 96 87 56 10 27 23 7 23 63 84 86 73 99 93 73 39 65 65 90 96 2 26 96 19 37 66 84 42 91 95 27 95 78 54 59 27 48 59 52 88 44 30 91 89 32 11 5 11 92 73 11 17 14 49 2 60 7 33 64 74 3 60 90 16 73 72 5 47 3 76 88 31 49 38 49 25 67 6 60 34 95 66 27 58 84 29 74 74 58 8 24 1 59 1 97 85 13 23 55 6 27 39 48 3 18 80 81 79 49 26 13 77 97 0 1 14 59 42 4 40 74 6 
98 23 4 93 16 74 88 93 43 5 67 65 13 23 85 89 94 96 95 43 80 68 45 89 6 37 47 87 26 2 54 51 81 48 7 25 15 83 37 41 56 2 3 91 50 79 67 4 86 33 83 16 59 96 12 48 32 11 31 80 93 35 9 16 78 91 0 54 51 42 50 24 61 90 5 70 81 86 0 88 51 1 94 13 54 6 29 3 82 60 96 34 19 75 80 64 24 77 38 39 58 92 90 6 93 91 67 64 59 79 84 80 91 82 73 28 33 65 0 68 91 35 66 39 73 45 69 93 63 23 88 9 42 40 96 36 36 24 14 98 16 61 62 76 73 78 74 1 67 54 50 21 1 39 46 63 32 46 73 46 
91 67 11 81 13 46 35 55 72 23 16 4 53 1 38 99 87 22 20 27 8 15 87 10 60 88 99 26 42 39 73 37 57 6 30 25 83 58 11 78 0 77 92 17 57 22 79 66 81 37 96 82 44 35 61 58 13 46 69 0 31 76 0 33 95 43 44 28 24 24 54 64 24 25 88 99 99 62 6 84 15 41 60 19 70 61 3 17 17 86 54 41 88 16 40 31 58 86 32 81 21 28 32 49 46 40 50 70 7 19 83 93 83 76 13 79 4 4 95 83 46 30 84 99 65 45 78 78 62 99 8 15 11 41 37 25 87 73 79 14 89 3 85 33 14 28 97 17 47 99 50 76 66 9 55 37 95 68 65 86 
38 71 52 75 4 6 63 24 99 20 57 92 36 91 77 83 87 53 48 53 34 21 44 49 2 86 65 26 5 25 62 2 98 40 34 94 65 72 21 31 61 82 60 89 22 82 82 72 11 61 11 90 87 61 58 76 3 79 59 82 87 59 87 29 45 41 40 47 2 3 5 12 16 99 52 29 87 5 79 38 71 63 16 21 74 10 53 10 20 94 59 3 62 39 20 57 80 84 30 65 37 20 35 92 44 65 28 8 86 36 49 81 94 93 82 39 0 1 19 47 84 17 75 54 48 75 88 89 38 70 2 40 42 36 62 57 10 96 14 73 26 10 45 36 73 82 58 92 68 66 82 30 38 53 59 79 93 40 18 40 
94 11 55 54 52 15 18 63 89 83 73 74 18 64 50 37 34 72 4 34 0 62 66 23 26 48 82 38 61 41 35 68 32 35 20 70 97 85 0 37 51 15 36 46 47 51 38 0 55 25 63 51 47 23 65 51 1 5 82 75 39 10 42 8 39 60 80 91 77 7 1 8 27 74 95 41 12 89 13 73 24 54 70 23 15 11 76 44 49 76 15 96 2 80 98 4 19 72 89 45 1 54 96 37 48 85 97 78 18 85 0 68 14 45 80 70 32 21 8 63 2 77 20 86 75 52 0 14 25 78 17 95 96 1 86 14 27 91 32 53 68 35 50 44 44 39 18 45 32 34 81 19 70 63 59 19 7 73 36 62 
44 95 16 81 35 51 64 30 19 41 81 80 10 18 30 96 19 29 69 37 37 34 57 61 9 99 81 96 97 42 25 90 42 74 7 28 6 17 81 60 38 52 98 37 69 51 30 23 50 83 45 80 17 90 73 97 81 58 80 87 7 84 63 78 24 44 50 78 77 54 66 6 44 94 20 80 79 8 37 62 60 75 15 62 1 48 55 18 53 18 32 50 33 74 96 73 81 87 86 22 90 99 1 63 57 46 74 11 89 39 33 18 48 57 72 6 90 0 57 84 32 76 93 49 27 93 67 33 76 32 74 61 21 8 33 19 15 34 40 66 85 21 5 8 72 80 44 45 19 27 75 61 35 41 74 2 73 57 49 63 
14 22 3 9 76 30 97 36 66 56 34 49 83 99 55 41 96 14 10 16 6 46 0 29 80 20 31 7 91 32 6 3 28 85 73 51 14 98 31 94 30 62 87 21 67 58 84 49 51 61 61 47 37 99 64 16 37 95 28 27 39 53 96 40 8 71 13 88 87 27 27 58 49 22 84 7 16 62 54 64 61 82 42 77 34 22 84 71 97 59 68 37 11 58 44 48 19 65 82 27 69 21 13 32 64 40 23 25 6 2 89 84 36 44 12 72 71 52 80 82 39 29 16 93 6 10 23 57 93 13 0 87 76 50 5 46 93 15 37 18 2 20 83 92 15 27 9 32 51 47 97 67 51 91 7 91 25 45 3 13 
25 31 46 15 61 68 22 82 71 34 12 6 95 93 87 80 26 19 15 38 47 65 80 66 4 56 73 82 76 0 10 4 62 1 77 74 30 69 53 41 52 91 33 97 15 50 94 92 89 20 65 9 97 98 60 21 28 63 49 81 60 30 47 63 70 94 66 68 26 56 86 72 93 28 62 2 40 38 53 73 60 16 52 74 69 95 40 29 36 51 5 64 20 20 7 70 43 94 99 98 73 8 80 82 74 36 65 11 64 75 21 15 77 97 16 16 96 47 51 10 46 68 89 92 48 47 61 69 95 84 35 82 73 23 28 91 0 99 19 84 42 25 88 23 39 96 58 46 2 10 2 69 69 35 64 16 68 81 52 84 
50 18 6 86 97 80 21 48 59 1 32 44 53 64 52 16 82 96 20 64 53 58 38 38 68 42 88 92 14 4 3 70 12 59 41 77 82 52 25 11 40 43 19 41 31 28 26 73 64 69 31 47 92 79 56 87 86 82 89 56 67 84 88 19 77 50 30 31 32 75 31 28 69 39 57 76 72 65 38 4 82 23 27 61 72 71 22 76 34 36 11 8 43 46 67 57 4 73 85 49 24 99 11 94 66 10 88 77 66 98 14 53 16 4 66 67 76 63 96 61 1 27 41 97 63 18 57 15 79 27 32 54 22 79 97 49 41 46 63 12 34 27 96 57 55 85 61 87 2 19 54 57 60 0 83 98 85 42 22 44 
1 22 23 35 58 92 59 77 39 88 1 48 46 97 80 21 65 72 61 27 38 68 37 53 4 85 92 89 43 72 80 16 37 51 0 95 15 43 58 20 14 49 15 62 65 75 32 81 78 66 57 88 52 61 9 6 88 40 6 46 19 89 19 44 62 52 31 34 56 90 64 46 91 85 46 5 49 94 54 53 34 15 99 97 19 49 62 63 85 72 31 16 52 12 82 88 68 31 71 69 88 74 85 7 37 86 74 7 7 31 78 55 14 96 24 20 78 59 69 58 69 55 84 14 37 79 91 12 68 6 16 24 84 18 15 55 98 44 1 46 52 67 55 49 90 87 1 79 49 78 48 27 41 26 47 2 96 90 94 38 
51 40 98 63 46 69 50 0 86 70 88 43 25 85 33 14 70 88 84 13 18 21 65 28 49 16 31 25 11 52 4 3 75 35 86 87 57 51 35 30 70 6 59 99 12 41 29 23 83 91 28 92 42 60 42 89 36 50 28 90 25 38 20 6 78 92 98 59 73 50 74 5 18 55 63 33 48 41 17 51 25 22 49 36 43 82 6 51 59 68 46 4 79 82 19 48 93 67 50 89 26 12 42 90 26 30 52 44 55 92 44 71 14 7 93 26 42 48 53 4 30 13 32 68 35 48 82 83 14 49 65 17 70 52 16 81 80 74 78 97 15 35 14 47 62 50 67 50 26 56 63 16 7 74 60 95 11 19 61 25 
66 59 89 88 65 19 69 69 49 24 64 0 99 73 59 5 78 29 40 65 63 52 67 89 40 16 8 27 94 41 22 39 40 6 63 53 97 37 62 66 26 22 90 84 62 51 24 57 63 24 97 14 73 90 21 73 65 48 62 92 63 90 16 51 73 70 52 39 24 34 27 52 33 84 94 30 49 28 47 47 71 72 48 37 81 16 30 83 83 33 35 16 3 72 6 44 42 75 13 54 75 40 23 86 37 95 17 96 51 5 27 20 9 86 20 21 6 99 56 56 11 65 17 40 59 68 76 90 3 27 84 85 35 96 77 7 54 56 13 63 6 33 70 62 19 35 36 76 31 38 98 6 36 2 0 54 37 15 17 87 
14 86 28 17 24 65 80 71 8 22 55 2 40 42 6 68 49 1 74 27 72 87 95 1 44 1 13 24 4 42 96 21 21 11 50 80 16 31 56 79 54 1 63 4 24 37 8 17 14 23 12 34 13 35 56 57 12 86 1 18 67 32 32 11 12 58 18 95 6 93 32 18 49 53 14 45 35 44 36 5 12 7 6 97 58 54 78 27 14 42 23 40 98 78 36 19 41 72 32 36 68 74 99 98 65 86 71 37 95 83 86 79 91 56 19 65 34 31 4 33 98 44 16 60 49 33 5 33 18 97 51 41 26 68 24 62 5 78 16 64 60 70 1 2 38 81 99 70 34 42 86 63 12 81 51 94 88 30 38 69 
99 83 97 75 95 12 92 45 19 94 44 3 52 76 9 85 87 12 62 17 27 65 21 62 27 94 38 3 79 59 99 70 83 36 44 9 19 99 19 9 56 95 28 75 74 9 89 52 0 92 91 31 61 3 70 57 85 65 77 24 80 21 40 86 98 61 57 10 47 90 27 9 22 49 60 0 89 19 57 11 6 15 34 64 10 9 38 33 67 8 38 0 15 44 65 82 73 19 12 97 58 30 94 84 18 97 8 4 44 87 13 2 59 6 75 48 16 72 44 17 30 70 87 69 46 60 21 38 31 25 83 80 83 31 20 52 48 4 90 97 23 91 63 53 68 16 8 96 16 13 92 2 96 0 90 57 46 12 26 62 
5 95 19 77 7 19 24 19 11 15 82 48 22 93 78 77 1 30 71 63 2 10 92 14 3 21 36 38 21 80 72 52 33 90 68 60 80 39 24 65 69 79 62 44 79 72 96 25 2 17 56 8 35 22 18 29 91 88 22 61 46 51 47 59 45 33 50 99 32 48 5 21 84 50 61 4 24 20 94 30 68 80 73 66 60 30 93 41 72 3 30 61 93 86 29 83 63 21 86 6 87 78 22 24 19 42 16 86 25 77 64 95 1 34 38 79 53 20 28 68 67 66 27 49 45 71 54 45 41 26 78 96 19 6 20 14 39 73 20 3 91 1 13 32 23 90 21 76 28 8 42 36 75 13 23 68 89 66 0 29 
6 16 43 16 64 3 87 56 91 20 78 77 84 47 58 28 4 3 33 1 8 57 66 49 87 81 30 37 35 37 57 16 22 82 89 44 29 87 13 59 81 69 68 38 83 34 78 29 25 92 92 87 30 8 54 13 15 21 36 86 8 21 96 29 82 6 11 40 76 68 45 59 8 70 9 77 80 54 89 43 88 86 72 61 48 75 12 57 62 25 80 87 61 81 76 68 47 51 85 38 48 78 79 33 70 91 76 86 86 14 26 64 85 60 68 19 56 0 35 50 7 2 15 3 21 79 29 9 66 10 32 13 62 35 11 49 91 7 99 13 5 11 48 69 84 27 28 73 60 23 19 42 68 45 16 92 80 37 57 85 
61 22 17 4 55 30 2 65 70 27 32 64 62 11 40 27 12 62 38 50 10 67 17 19 4 52 8 67 57 50 15 94 53 68 40 30 59 7 65 25 46 60 68 29 80 34 99 29 34 40 34 43 14 48 3 82 46 5 89 25 65 57 43 77 99 48 4 52 70 36 59 81 88 1 92 68 42 32 97 33 98 45 62 80 57 9 98 96 39 40 84 35 67 91 19 80 82 45 78 25 58 52 45 88 95 84 67 45 18 70 73 21 95 7 18 85 81 80 60 13 3 18 95 26 52 16 17 12 50 52 91 46 29 16 39 37 15 19 22 80 69 23 99 96 50 93 86 81 27 58 6 53 45 41 47 69 82 77 25 98 
24 35 47 44 55 32 76 16 69 87 65 75 30 64 76 41 90 20 27 25 1 47 10 98 70 59 27 15 29 85 7 20 43 67 44 89 80 14 37 61 37 62 97 75 75 89 25 62 53 33 18 19 75 40 77 47 39 13 80 78 57 62 98 83 48 20 14 33 38 77 28 52 29 42 56 65 87 74 50 30 52 29 96 68 44 60 90 52 48 74 4 3 30 91 55 30 44 70 65 12 80 28 48 52 43 15 5 98 31 65 42 11 54 21 78 66 32 37 37 76 96 10 33 67 29 35 88 21 13 90 89 49 10 15 81 44 66 14 55 69 59 35 7 79 85 74 95 94 57 88 92 19 20 16 24 82 79 78 21 47 
2 18 68 29 22 31 38 11 54 92 23 56 17 86 5 68 49 45 98 80 43 4 49 29 40 68 47 68 12 87 69 50 44 50 90 93 92 20 93 92 41 84 40 28 19 48 41 85 52 41 85 88 17 2 36 98 3 81 77 38 81 36 4 35 81 91 63 63 78 91 36 17 51 17 9 88 83 69 45 3 69 37 59 95 87 50 3 77 87 76 20 42 7 78 11 89 43 63 25 83 90 96 64 17 80 53 80 29 95 28 89 21 34 73 41 46 19 89 49 67 58 19 79 45 54 58 12 59 4 80 95 80 74 4 71 86 90 1 37 96 96 95 43 95 56 15 91 62 84 99 88 44 69 62 21 94 39 28 65 98 
25 96 19 62 62 54 71 21 55 22 60 55 6 41 30 0 59 4 31 78 2 65 23 84 38 23 52 59 68 34 14 28 20 83 96 15 46 85 0 73 21 58 32 78 80 78 68 42 79 29 8 59 35 86 2 98 29 39 70 88 39 65 9 13 74 1 14 67 64 63 87 36 83 67 90 72 70 27 44 12 10 55 94 35 38 73 2 34 35 43 30 85 37 2 41 13 15 91 8 48 32 83 66 61 59 59 22 94 34 93 92 52 28 8 20 48 36 67 3 7 2 33 90 19 61 80 62 28 55 45 61 67 56 99 79 42 3 69 87 25 11 49 62 38 6 99 93 88 95 39 92 25 68 66 1 75 20 78 88 87 
75 79 26 94 79 50 12 6 26 92 41 16 95 78 43 72 4 6 82 92 38 68 31 83 53 10 37 79 87 13 94 25 38 11 59 21 67 61 80 31 30 90 13 37 57 34 17 76 58 76 52 18 91 19 19 8 17 80 35 26 75 34 55 61 19 0 18 13 38 87 97 8 35 21 68 39 90 89 8 23 43 55 85 80 98 4 35 85 41 56 86 65 28 46 42 31 42 7 78 75 65 79 59 77 23 28 51 28 0 48 57 85 68 14 24 95 45 3 50 7 25 0 36 80 87 35 1 32 56 25 29 95 56 45 4 73 6 35 49 27 68 80 40 65 94 96 16 53 32 3 54 58 92 10 65 78 84 64 12 53 
63 54 22 47 87 21 3 8 14 68 0 69 58 40 16 45 66 74 56 86 56 35 84 70 49 97 48 47 14 27 99 3 59 39 8 44 52 25 7 38 31 34 19 61 64 25 54 50 99 16 50 13 65 74 26 50 2 86 75 25 24 45 75 54 69 94 92 21 29 72 32 27 89 5 89 35 61 14 74 88 57 29 22 88 43 97 65 51 76 67 53 51 84 91 86 47 19 89 33 2 60 31 8 89 10 73 8 75 54 9 70 17 49 33 81 57 62 21 10 90 24 65 77 68 33 12 17 11 4 52 4 51 82 25 74 29 65 11 40 12 90 44 56 56 61 13 60 33 87 64 72 78 51 83 5 81 16 75 78 53 
96 19 32 26 29 15 72 65 49 26 10 9 58 74 25 80 55 84 20 34 51 82 81 90 94 22 58 35 13 95 14 65 74 14 44 99 29 65 99 73 75 10 20 83 54 99 91 32 29 87 43 15 56 85 97 72 80 50 50 71 33 69 32 35 94 2 42 90 52 43 82 76 71 42 31 22 16 8 17 28 22 87 57 73 21 92 20 67 86 21 62 57 26 67 2 43 11 82 17 41 32 63 62 18 15 4 75 94 64 39 24 27 44 60 54 34 60 14 1 40 20 84 60 88 47 99 30 23 55 73 16 31 25 65 44 40 77 61 60 5 41 85 84 68 93 8 3 79 51 86 81 61 89 94 0 74 22 51 77 17 
77 95 62 15 47 49 32 10 48 71 97 85 72 59 77 58 10 93 57 57 97 95 28 64 68 65 91 18 12 23 0 92 5 55 26 54 81 74 43 26 75 88 50 91 64 1 59 59 78 95 58 88 65 72 59 90 61 56 74 86 96 31 32 35 45 26 62 6 4 50 99 93 64 82 43 22 22 87 34 52 2 58 41 90 63 58 81 32 77 87 59 13 32 41 67 51 45 47 91 79 3 39 15 54 81 27 49 6 93 26 49 78 67 9 17 92 42 33 4 78 97 58 28 96 30 88 82 40 53 53 98 95 83 33 31 46 1 19 89 7 4 36 89 8 79 16 3 0 44 94 12 2 35 23 21 83 82 71 98 8 
65 24 41 24 79 65 68 62 90 61 86 95 61 77 0 55 2 93 48 56 88 87 32 41 44 67 29 52 30 28 67 44 99 3 18 64 55 7 15 37 44 99 29 53 94 46 52 97 58 92 87 28 69 66 25 84 22 92 10 48 81 20 42 49 43 58 94 9 96 16 71 28 19 51 37 5 74 10 16 78 9 1 72 87 60 69 75 23 41 46 48 41 39 93 78 75 27 88 98 20 81 77 60 66 31 34 76 50 41 45 88 71 57 78 13 49 42 1 91 63 51 8 95 77 27 48 66 24 56 80 59 59 17 50 89 61 61 52 54 30 47 64 82 88 11 89 73 89 24 57 79 67 62 57 49 85 70 16 33 3 
99 96 34 0 78 79 78 31 97 7 37 79 8 1 9 10 58 37 54 82 63 87 31 27 56 24 63 47 97 35 74 69 93 64 90 49 86 84 33 40 37 71 5 59 21 55 72 6 2 35 35 72 76 28 94 74 77 90 53 16 2 82 52 70 43 7 11 47 4 78 1 55 8 73 66 53 96 46 81 77 8 95 31 44 71 16 49 93 93 39 24 46 97 47 81 14 41 86 26 61 61 82 23 42 65 49 66 1 26 99 75 30 19 17 16 56 35 53 70 19 48 69 1 53 85 43 23 25 10 1 90 31 26 41 30 94 92 95 26 82 94 7 60 14 12 8 35 4 67 14 35 47 51 19 14 80 22 77 84 70 
68 61 4 44 25 19 27 67 93 94 53 11 98 68 65 79 85 53 60 61 43 74 4 15 77 98 40 63 22 69 72 53 67 28 53 77 44 5 50 59 64 37 22 73 41 15 13 72 81 54 42 64 80 49 71 40 86 92 47 36 73 0 84 43 23 11 53 45 25 43 33 94 18 92 34 73 18 48 59 84 89 65 74 98 20 99 13 27 37 94 74 95 1 73 45 14 69 46 49 49 67 34 39 99 19 84 79 58 79 6 94 8 78 39 51 87 74 57 29 19 19 47 12 82 93 77 64 6 15 78 37 36 35 82 13 64 49 69 84 59 44 71 99 87 68 7 0 78 47 91 61 30 49 24 91 99 8 2 82 15 
42 68 18 87 30 91 10 76 15 71 28 84 58 44 21 38 60 15 40 84 12 41 57 33 78 99 24 44 44 38 92 63 83 66 79 3 9 22 54 31 80 6 8 38 66 9 5 47 38 0 74 80 33 77 50 66 44 56 92 35 11 39 54 56 7 65 48 46 45 64 9 52 45 63 0 88 6 76 63 21 74 48 83 30 61 92 2 6 51 94 80 35 93 79 39 71 79 82 7 17 65 44 41 42 93 41 65 18 47 87 10 36 31 88 55 12 70 20 4 2 6 84 52 14 36 56 33 69 62 58 10 27 5 18 12 22 70 8 63 87 56 87 56 38 70 56 39 7 29 10 69 94 11 63 75 47 37 14 75 79 
6 42 77 63 93 29 48 88 36 88 82 88 64 51 53 1 24 35 42 17 39 20 88 77 35 92 59 53 53 55 91 59 41 71 13 59 17 60 74 60 72 98 94 8 6 20 48 44 84 46 58 89 48 2 73 34 21 54 42 71 69 95 83 43 90 34 57 11 87 52 86 71 93 33 83 24 22 87 72 11 94 20 99 13 29 45 53 61 85 32 72 23 27 79 31 69 61 32 76 92 19 71 31 81 86 67 28 70 38 27 84 7 92 74 32 20 85 10 20 4 44 61 31 55 81 81 20 80 46 33 82 98 91 77 30 77 17 60 18 56 13 2 65 46 6 87 94 16 93 29 29 19 22 98 62 80 32 54 4 70 
49 83 8 56 98 21 44 23 12 39 2 50 59 91 2 98 16 67 41 1 26 41 90 99 36 33 28 83 61 20 86 11 35 57 52 43 61 81 82 96 4 87 93 88 24 94 17 96 5 87 50 34 3 45 51 14 6 21 56 0 41 10 22 35 62 74 77 81 26 14 45 54 45 79 57 66 10 41 36 37 94 75 53 64 47 1 49 32 27 58 41 93 68 69 29 38 85 41 56 24 86 49 89 93 27 2 69 36 51 6 56 29 15 27 15 51 16 53 9 33 33 54 88 26 64 46 40 44 93 17 13 44 54 83 88 24 63 28 75 72 43 44 16 46 70 93 23 48 84 70 54 9 92 96 48 77 64 3 30 64 
45 19 11 98 26 92 26 67 76 4 32 14 71 5 93 52 60 98 15 63 82 34 41 71 66 37 90 19 70 59 31 22 99 93 59 7 19 37 32 94 34 51 76 23 60 60 92 24 84 15 96 94 60 78 1 52 96 29 45 25 33 54 87 72 2 97 41 77 71 89 35 83 69 15 52 43 98 24 96 9 10 17 14 53 87 0 73 25 58 25 84 70 13 56 53 47 85 33 55 46 90 76 81 90 33 22 50 67 41 44 63 51 1 35 83 67 80 43 15 14 52 15 44 12 14 12 31 94 28 78 7 99 15 74 35 29 26 81 66 93 49 43 95 85 38 44 45 30 98 70 29 86 35 81 36 40 74 36 90 91 
96 36 39 62 61 32 15 97 24 49 61 97 23 56 38 2 95 69 18 45 21 48 78 67 45 13 26 81 39 54 71 27 66 42 84 27 37 50 30 73 93 3 56 39 67 14 55 6 11 46 73 36 80 4 51 53 95 54 0 36 55 67 4 27 78 80 26 82 70 26 70 32 45 88 50 73 25 16 97 12 97 57 96 99 61 36 99 76 35 52 76 41 33 24 78 43 74 60 63 32 26 67 91 64 37 90 93 54 25 30 96 53 61 69 62 9 98 70 92 97 1 2 80 46 15 97 46 7 70 96 37 87 71 24 71 98 78 79 93 0 72 45 63 70 12 47 22 83 59 79 46 96 16 41 89 47 92 46 58 15 
76 20 70 43 53 35 60 65 68 99 19 83 94 94 4 88 32 4 71 53 15 12 70 39 95 94 2 59 10 61 95 90 26 51 80 40 36 43 96 90 59 75 68 32 44 12 80 68 99 85 39 77 95 49 72 79 73 53 16 27 75 93 57 99 66 88 8 23 13 57 5 30 94 31 55 34 59 19 56 39 31 1 80 38 84 42 6 70 63 90 32 38 41 53 20 49 39 70 95 11 88 2 7 94 40 19 3 18 78 29 21 40 27 80 77 50 35 5 77 67 5 83 57 5 23 99 5 24 28 89 91 30 88 6 48 41 87 19 59 45 59 57 26 31 90 93 25 11 42 91 93 7 77 25 37 15 21 13 21 41 
89 61 59 3 89 15 13 89 78 5 99 42 81 29 1 76 78 69 9 86 5 53 7 87 74 36 16 85 34 64 96 74 32 84 82 93 59 48 67 78 11 96 0 49 49 8 11 2 9 36 64 53 37 51 22 41 54 60 42 59 9 93 44 88 23 68 87 82 59 95 51 58 86 34 61 36 66 35 65 5 87 42 8 44 30 19 11 46 0 4 51 71 90 24 52 64 83 16 94 60 76 48 22 90 48 71 67 20 5 4 98 51 44 27 4 40 60 31 29 82 56 16 26 66 27 83 27 76 51 34 64 28 78 62 51 29 4 12 17 85 17 41 76 73 98 52 46 87 13 96 15 6 63 52 25 58 46 38 56 84 
75 30 98 91 54 79 48 45 7 24 83 25 20 51 7 53 96 24 59 62 52 65 28 14 2 19 51 65 17 35 97 44 18 87 75 26 19 52 57 12 58 12 29 29 8 69 1 41 20 92 87 96 38 8 42 54 7 6 3 68 69 85 59 29 20 61 40 7 75 25 24 71 94 20 14 2 28 88 60 68 68 43 91 34 53 83 20 85 7 55 11 24 66 25 24 32 7 9 34 32 20 12 15 67 41 17 20 11 64 46 89 64 56 67 66 32 67 97 22 63 95 80 75 91 70 60 33 96 6 66 9 4 14 40 76 76 30 77 8 47 46 1 3 22 83 31 58 12 87 66 41 54 49 91 54 40 72 80 80 4 
48 91 71 16 75 14 97 79 12 51 46 72 97 85 63 16 1 47 87 30 68 81 2 19 4 43 67 58 69 3 80 54 52 2 38 6 78 76 64 98 90 4 50 91 67 1 11 87 40 57 40 78 19 19 77 61 3 23 60 94 23 9 44 34 59 49 19 94 60 71 9 43 46 18 80 67 76 29 30 75 11 40 78 50 76 81 55 46 25 92 82 71 54 57 15 97 32 11 7 94 42 20 23 15 93 78 77 39 32 77 78 33 98 63 12 14 82 86 51 57 54 57 24 81 4 45 59 55 75 93 36 51 27 59 71 54 2 63 84 1 31 99 6 16 34 77 28 94 41 42 81 0 30 40 61 95 42 83 82 78 
83 24 77 55 6 84 53 8 55 31 6 14 73 82 86 50 27 39 52 22 55 71 51 86 35 49 89 64 23 47 5 3 32 9 8 65 0 36 68 52 45 50 56 62 72 85 96 89 60 75 16 37 37 82 84 51 39 13 6 22 92 70 79 43 81 55 8 92 69 75 77 44 22 25 87 26 71 69 82 20 87 30 44 96 69 26 51 89 74 27 33 72 33 12 83 2 99 58 59 55 63 94 23 16 70 87 84 10 51 58 3 78 27 26 57 73 2 71 41 24 52 61 59 64 86 30 72 70 12 66 10 33 47 87 26 60 14 80 85 4 29 9 54 58 14 38 30 77 25 97 1 56 95 73 53 62 68 55 63 4 
76 72 3 55 66 30 90 9 91 41 61 12 67 47 75 70 79 2 12 63 65 11 71 16 61 15 52 85 6 66 44 0 27 7 62 67 65 21 52 13 43 60 15 63 79 34 43 0 10 29 85 24 61 22 90 34 34 6 5 79 3 17 87 64 69 95 71 34 27 91 65 65 40 76 53 87 45 80 81 29 74 96 85 69 3 10 5 72 29 38 70 5 69 42 58 91 54 64 93 40 60 37 4 61 41 87 73 81 77 42 72 9 27 84 93 52 71 9 89 77 53 51 79 68 48 31 65 74 14 10 11 10 30 64 49 33 28 94 99 72 78 2 76 83 76 89 65 21 11 1 2 24 30 6 50 79 58 3 1 82 
72 76 76 2 78 80 71 33 74 41 1 5 4 76 0 47 32 90 97 2 40 14 97 32 13 87 87 1 14 24 61 28 37 95 40 43 54 21 77 47 20 82 81 59 90 94 32 34 74 12 94 19 42 3 71 99 55 33 23 3 74 73 36 74 76 62 20 20 93 65 79 41 83 45 72 4 35 94 37 85 94 78 55 18 77 7 59 58 49 15 2 55 38 26 94 27 9 12 76 64 13 63 99 40 85 36 20 33 71 54 68 89 21 53 46 84 87 5 75 90 36 11 35 95 94 69 17 98 60 71 25 12 60 91 77 77 64 29 54 64 97 27 1 7 7 95 57 44 17 81 81 45 52 15 30 28 19 47 17 90 
31 58 28 83 89 71 77 89 13 7 98 71 82 68 39 25 95 55 72 43 32 71 51 56 42 66 47 53 47 48 5 22 2 90 84 94 23 45 89 10 60 83 62 87 45 56 94 5 62 13 96 3 95 46 54 5 29 45 11 90 44 47 22 6 64 67 73 66 94 31 36 89 23 90 21 24 72 14 27 27 22 73 66 38 63 86 51 27 68 95 48 31 48 82 87 4 1 15 42 95 93 80 46 71 94 64 22 4 73 53 17 18 8 65 95 7 14 92 24 42 93 73 46 81 13 52 76 71 42 52 49 63 83 54 60 24 4 36 53 85 6 99 51 0 7 2 4 73 99 4 38 25 50 99 5 84 53 49 54 50 
42 75 73 71 41 14 64 46 71 29 48 59 92 39 35 31 72 18 40 63 22 70 58 0 32 31 25 19 83 15 2 63 67 43 43 74 89 76 1 21 60 94 8 48 16 82 55 10 33 98 80 77 36 75 86 35 90 14 43 71 75 7 98 79 79 71 42 81 36 35 30 39 60 75 81 42 81 67 51 41 28 54 18 7 80 37 14 59 55 77 96 43 96 43 16 60 9 44 32 84 40 72 24 32 95 49 50 91 8 92 43 89 72 83 72 3 70 95 79 46 25 41 35 69 34 43 21 74 45 40 90 27 34 22 48 32 43 34 25 10 22 75 3 46 14 60 17 6 62 51 75 98 91 38 70 9 67 24 95 67 
53 87 89 15 56 29 10 43 61 98 44 14 76 76 72 56 16 47 91 12 38 27 98 91 38 79 18 83 54 55 75 57 32 38 24 34 24 26 80 10 1 44 77 0 2 56 61 82 99 85 24 49 44 2 46 31 32 40 75 52 54 93 30 47 9 93 62 17 14 79 96 6 5 41 28 4 54 85 38 92 83 15 91 19 4 99 89 65 13 97 55 21 70 3 49 7 92 13 41 85 84 60 83 59 76 71 91 32 69 2 8 49 69 10 5 88 95 54 32 35 34 19 9 23 90 44 64 75 91 18 48 56 38 27 35 38 89 0 99 72 41 70 3 14 20 43 60 81 36 44 9 85 94 68 41 88 28 48 59 6 
10 28 59 81 58 27 13 50 78 22 63 10 24 91 94 92 8 5 74 84 61 7 4 74 93 36 73 81 75 60 38 38 72 72 13 0 23 83 14 29 82 39 55 27 4 5 2 7 57 44 54 96 42 11 19 74 97 90 91 26 37 63 81 44 44 32 99 91 3 23 70 52 91 84 8 76 43 96 8 83 64 96 95 80 54 44 37 36 70 47 29 72 61 57 82 15 6 7 41 50 17 58 58 72 17 62 19 69 12 87 68 59 0 11 88 75 72 17 53 30 78 67 70 17 67 32 5 89 85 39 50 61 55 83 47 15 10 60 61 22 80 5 67 32 87 33 36 39 28 92 45 11 8 1 21 19 10 21 82 11 
