62 47 89 16 33 93 79 46 78 43 10 54 9 56 8 17 86 89 90 84 81 70 19 6 13 39 31 20 72 90 96 4 87 46 77 49 49 26 47 77 44 37 11 28 84 46 50 19 99 55 
23 40 85 63 94 80 98 1 21 65 70 66 22 32 14 36 60 69 91 37 5 20 5 81 30 34 93 96 67 82 95 27 3 33 88 59 0 73 87 94 79 88 98 5 0 10 53 48 87 75 
9 93 30 71 17 61 22 4 58 52 7 59 60 44 37 72 63 60 21 87 79 95 0 3 52 49 89 8 77 3 46 90 93 85 2 93 67 29 61 57 57 4 65 71 17 58 44 22 28 44 
35 65 15 20 30 38 89 14 72 13 27 70 62 25 15 70 36 4 45 20 57 36 20 2 41 78 55 1 11 32 38 5 46 56 25 3 24 55 74 2 99 25 70 75 90 29 31 21 69 49 
63 97 41 77 78 89 20 41 73 74 76 89 60 35 37 3 94 19 29 70 13 51 5 33 98 3 49 83 80 43 60 54 75 86 50 5 65 16 10 11 49 75 80 97 95 78 85 32 22 13 
51 31 67 27 90 42 24 70 83 31 32 18 62 93 6 21 77 2 18 72 28 32 45 52 14 60 43 0 60 52 45 47 17 2 33 81 83 85 99 97 76 27 62 48 32 8 31 30 71 47 
86 44 3 60 37 82 55 79 22 4 49 27 91 4 81 49 69 16 53 63 71 74 75 19 23 53 58 45 76 72 91 40 62 22 12 97 87 29 29 63 45 96 72 30 20 61 41 31 73 3 
87 74 86 11 60 55 60 83 43 66 80 65 34 27 76 31 35 35 64 84 25 12 81 96 55 68 70 57 33 85 11 74 82 2 14 33 41 76 87 72 76 34 35 52 16 34 20 60 89 11 
18 98 10 89 83 53 33 97 28 57 89 35 18 71 42 18 47 0 69 48 29 60 86 81 74 24 5 69 63 79 44 94 26 13 26 25 23 68 84 30 17 54 84 99 50 91 19 71 64 31 
53 6 96 77 49 72 59 78 99 96 41 27 49 18 19 17 55 1 67 66 28 47 78 28 50 57 1 54 40 24 10 10 2 96 60 9 58 66 78 66 14 96 53 8 61 82 82 9 96 41 
71 70 48 52 95 44 5 22 19 80 16 31 60 69 19 14 82 71 93 43 26 68 91 31 20 76 39 15 50 59 36 72 17 54 64 66 82 49 95 68 34 11 23 8 24 30 57 44 80 37 
83 91 2 74 94 36 40 15 55 32 7 53 86 89 48 10 33 6 79 94 18 78 62 14 67 71 72 78 53 37 40 35 65 62 93 18 26 27 7 1 78 45 2 84 4 22 46 10 81 68 
27 6 22 42 21 77 41 82 79 24 85 7 23 6 87 90 45 86 21 90 20 3 94 3 30 90 2 55 46 42 8 39 89 81 7 96 62 59 10 80 8 39 51 86 39 0 45 1 69 46 
99 17 12 72 50 15 21 89 24 67 35 69 70 61 97 18 69 8 48 21 80 47 93 57 47 4 77 7 86 78 11 44 52 90 75 53 93 14 74 27 6 55 5 80 36 2 1 34 28 78 
21 41 99 44 95 45 92 84 3 65 42 92 54 4 22 38 50 31 74 70 33 87 75 59 96 38 78 90 10 40 64 93 86 56 70 18 20 74 45 34 12 49 43 23 73 44 84 12 79 0 
36 21 58 48 74 38 53 93 21 79 45 36 58 78 2 32 54 91 57 71 80 40 66 41 32 0 33 58 65 99 28 78 54 55 50 26 53 51 45 44 8 14 65 75 48 27 6 79 68 32 
76 18 98 40 6 58 55 3 48 17 78 45 7 96 89 24 0 85 27 3 30 8 64 58 49 43 99 14 87 53 93 20 10 47 68 89 23 6 85 97 38 36 50 25 87 76 6 7 48 79 
89 10 81 52 43 82 15 60 99 70 63 53 16 99 12 12 71 56 95 95 58 45 87 8 10 42 92 33 66 85 63 79 40 29 19 36 15 23 83 7 86 80 27 43 75 9 73 7 32 10 
66 52 1 94 93 24 32 39 57 40 27 95 56 12 70 46 96 91 69 81 49 20 60 66 86 89 82 75 86 5 25 61 96 73 92 80 40 29 78 66 75 27 94 28 97 22 22 72 81 86 
49 48 11 79 88 50 19 50 42 24 26 82 33 85 79 48 14 82 43 86 72 13 17 58 30 25 32 57 73 66 57 4 34 70 42 6 75 74 14 7 45 37 75 92 75 81 84 42 81 54 
52 45 20 88 65 18 26 75 28 95 72 72 50 37 70 96 73 16 94 31 87 81 74 58 89 3 64 56 76 82 8 36 64 5 39 18 7 91 31 39 92 11 33 62 58 64 97 9 98 9 
93 71 68 0 1 53 66 23 62 6 92 39 90 45 27 68 9 18 58 17 68 89 97 97 38 23 30 16 10 33 68 63 8 46 93 70 91 63 19 27 20 2 31 36 50 60 50 95 54 51 
85 50 4 91 32 61 33 26 18 84 96 6 40 89 26 97 42 4 0 23 28 70 80 24 61 78 51 56 3 45 98 52 6 28 68 6 24 32 65 68 98 69 43 27 58 55 46 78 27 50 
25 19 60 60 34 45 44 10 41 7 48 91 48 39 58 16 51 63 78 86 20 41 42 89 79 60 72 42 30 92 82 38 95 18 52 94 55 1 38 12 4 86 40 48 32 59 82 8 50 46 
68 99 88 57 71 56 31 82 13 60 80 31 49 60 29 41 91 8 17 85 13 17 51 99 99 18 52 14 68 26 21 8 52 6 88 80 62 78 50 71 87 87 13 83 24 63 48 81 85 32 
57 61 26 88 84 53 55 16 94 63 85 3 39 68 29 22 81 35 34 40 80 31 67 3 82 35 13 67 57 39 26 57 88 68 52 84 61 32 30 89 37 16 83 63 42 26 62 40 54 16 
39 44 78 61 41 50 59 62 65 57 79 78 76 53 6 81 63 16 58 28 86 28 97 94 93 49 93 58 46 22 94 64 83 47 85 8 59 60 54 51 1 70 11 32 77 58 11 1 59 38 
32 80 8 78 78 81 78 17 13 1 2 26 95 98 78 96 24 50 68 56 97 19 28 91 32 79 43 69 30 27 42 90 16 98 84 11 54 43 19 64 74 20 30 87 19 89 93 44 98 62 
30 16 23 11 66 49 32 85 0 9 79 3 71 8 74 30 24 35 83 10 85 45 43 31 63 39 86 56 55 27 83 83 58 58 0 44 57 30 94 12 49 68 55 41 80 36 41 31 38 83 
28 20 56 39 66 72 56 39 64 20 34 51 85 54 38 60 33 16 86 42 24 65 72 2 87 9 79 62 49 56 78 27 40 75 82 67 8 96 52 89 2 52 46 37 78 32 34 41 37 56 
64 27 33 37 35 12 8 8 4 66 46 20 99 53 57 93 93 43 69 49 65 0 13 30 54 78 91 89 95 75 9 3 14 55 2 8 87 42 75 72 4 97 16 2 33 70 19 0 26 15 
42 21 50 59 10 85 63 46 8 70 86 26 52 93 96 52 63 6 42 36 84 3 37 89 94 7 99 62 3 7 66 58 64 3 48 58 18 20 82 16 11 51 35 65 10 54 15 45 32 68 
36 33 38 93 76 90 14 15 25 48 65 18 60 49 81 63 79 38 90 27 50 61 3 42 80 8 4 25 77 49 86 22 7 21 72 19 77 50 42 58 23 90 18 16 36 13 16 44 19 32 
97 3 28 98 44 9 78 67 26 77 43 54 10 93 85 15 55 72 36 24 5 16 58 51 85 87 22 4 47 81 70 50 82 38 5 56 53 50 3 23 3 60 8 51 76 25 3 65 14 43 
75 36 54 46 79 59 2 32 12 22 44 10 80 79 67 99 93 61 0 43 1 20 22 86 24 88 62 25 72 87 29 88 47 76 63 18 21 4 81 5 54 95 3 2 8 89 50 57 30 93 
27 81 89 14 5 32 72 84 65 37 0 17 79 33 68 34 4 17 7 6 34 2 2 80 12 83 97 37 60 9 57 63 38 75 4 99 56 71 30 46 0 23 90 19 93 9 54 82 24 71 
27 35 21 37 95 42 13 50 87 53 62 40 68 84 83 14 41 1 27 66 65 1 69 79 48 37 58 1 72 90 13 46 63 76 95 11 48 45 51 93 61 69 24 66 1 38 31 82 96 34 
60 44 74 6 25 71 36 10 3 14 78 11 52 41 92 29 45 40 33 87 59 25 30 0 3 38 75 37 94 48 37 39 10 48 70 87 93 85 52 59 64 9 34 1 35 64 64 12 14 22 
22 20 62 72 28 32 2 68 92 79 1 26 15 65 71 85 35 14 5 30 40 6 40 48 67 15 11 27 40 33 51 81 48 53 30 78 0 59 85 24 18 2 85 73 28 54 22 19 80 53 
84 12 24 27 58 54 17 73 78 45 40 64 23 31 26 23 26 57 69 61 10 4 48 13 20 34 29 82 48 45 87 21 51 36 29 42 43 82 89 54 28 92 56 19 6 80 63 7 88 18 
16 35 68 98 43 56 62 31 81 37 96 29 46 96 35 90 74 45 56 52 12 92 74 67 97 10 36 24 77 77 52 24 13 26 38 80 19 66 71 51 91 70 37 71 29 37 74 92 82 57 
2 39 17 30 79 65 84 44 24 91 75 36 93 85 26 63 44 42 6 58 17 62 24 22 28 33 47 34 70 67 21 14 24 88 36 66 94 3 19 80 10 74 45 57 24 23 36 61 10 1 
68 41 83 36 63 69 50 4 87 84 17 75 46 96 39 52 83 5 0 62 41 4 27 64 34 58 4 88 4 91 79 37 12 78 54 83 35 35 89 67 45 29 61 72 59 85 52 26 49 20 
52 2 91 22 94 22 30 79 14 42 88 26 35 92 95 0 52 36 8 51 30 59 57 88 3 27 85 61 56 21 49 15 61 60 47 45 56 37 21 4 43 55 62 26 6 62 47 89 46 54 
83 72 55 79 26 8 71 76 94 71 27 95 24 36 84 68 27 28 52 27 79 12 3 80 90 97 34 46 57 78 86 71 85 4 16 27 40 32 36 11 96 94 51 88 26 32 17 6 76 81 
63 94 18 19 85 74 74 69 68 82 69 76 83 8 38 9 95 54 71 94 51 44 3 77 93 61 17 3 65 29 58 25 68 50 60 11 42 94 61 80 37 17 18 61 78 10 32 33 35 50 
15 71 8 85 98 47 73 46 10 81 2 48 14 48 60 30 61 36 36 31 56 30 6 64 32 9 2 87 87 61 48 72 9 57 83 33 61 98 73 63 82 40 62 38 34 93 35 49 73 84 
44 97 29 11 72 86 36 40 79 41 34 55 72 82 45 91 33 95 41 84 42 38 31 36 54 10 38 13 55 24 10 35 55 64 1 45 41 12 29 17 19 17 28 10 11 53 26 2 16 24 
50 23 48 70 18 28 46 16 69 47 45 36 51 22 49 81 60 96 96 73 52 93 30 2 96 12 36 48 55 41 71 62 88 15 59 27 63 48 25 85 47 51 43 27 8 19 21 77 69 41 
70 2 59 19 50 6 0 12 15 58 26 83 93 63 71 35 32 15 27 91 37 61 74 88 72 66 33 48 68 77 87 12 26 95 11 57 66 50 21 6 74 86 47 26 35 21 85 86 32 7 
